PSUADE_IO (Note : inputs not true inputs if pdf ~=U)
2 1 1000
1 1
  2.4006382514204075e-02
  8.5390971001293963e+02
  3.9917210906753051e-03
2 1
  1.3490760269225929e-02
  3.2503036526857431e+02
  2.5058784546057317e-01
3 1
  1.4736403609652261e-02
  5.3786695944143776e+02
  2.6854549897887839e-02
4 1
  1.7557428675534871e-02
  3.2000639607799542e+02
  1.2411856372328736e-03
5 1
  2.6011419159328295e-02
  1.3517824378119701e+02
  6.5340127574825264e-04
6 1
  2.3442645000127445e-02
  1.0110858702753139e+02
  1.2666097669898660e-02
7 1
  3.9894430015838908e-02
  6.3815693147981392e+02
  1.3664009556969047e-05
8 1
  4.7665618996818378e-02
  3.7971826461009601e+02
  1.7869549257498263e-04
9 1
  4.6620309310807059e-02
  2.6998592292307222e+02
  1.3568563281935926e-03
10 1
  1.2788595832022185e-02
  6.5463546190063266e+02
  4.3356527840909924e-02
11 1
  4.5269134716088483e-02
  3.5510811987840952e+02
  8.1898034892409851e-05
12 1
  2.1035941466258812e-02
  6.1425295584153048e+02
  7.6250133468627315e-02
13 1
  4.8144901674699467e-02
  3.3113107167744590e+02
  1.1141775966529822e-05
14 1
  2.0069256158130828e-02
  3.7511706446200475e+02
  1.9528160876498233e-04
15 1
  4.2379187644281981e-02
  7.5873213939230527e+02
  4.4472691174462720e-05
16 1
  4.9356278608774895e-02
  1.4425155970321575e+02
  3.4811542017418919e-05
17 1
  1.1984724511310796e-02
  2.3813341358971476e+02
  1.7391859580275859e-01
18 1
  2.4648998789400328e-02
  7.0462112429124352e+02
  1.4204883162670694e-05
19 1
  2.4460238166721649e-02
  5.4856627062506334e+02
  7.8635689420501043e-06
20 1
  3.9043370348235296e-02
  2.2856654433047706e+02
  1.8514948710851646e-04
21 1
  2.3041249334123569e-02
  5.3998155534466810e+02
  5.5582596948317707e-02
22 1
  4.4244944849389116e-02
  5.6182069130000696e+02
  4.8478988967046088e-03
23 1
  3.6639897316917733e-02
  4.3473670296936143e+02
  1.4919454528903686e-04
24 1
  4.9963798289077266e-02
  5.1338903348571114e+02
  1.5979386025222290e-04
25 1
  3.3901757633342293e-02
  8.1486666645210551e+02
  2.4627715921792109e-03
26 1
  1.0506216339015502e-02
  3.6264520478576668e+02
  9.1567233321360564e-01
27 1
  2.2123660283928578e-02
  3.3730746731739839e+02
  4.9549471745273890e-05
28 1
  1.0250871233330515e-02
  4.2129732565530452e+02
  2.6593685189221883e-01
29 1
  4.0397268059792588e-02
  9.1728921851254495e+02
  6.1810238895673296e-05
30 1
  3.4236773920392982e-02
  9.1441787480670860e+02
  2.1746856030644784e-05
31 1
  2.1761636754573155e-02
  5.8606180415123777e+02
  1.3356928682003969e-02
32 1
  1.4989560427400080e-02
  4.9330064862519538e+02
  7.8114043034342847e-03
33 1
  3.3620408101985425e-02
  1.7344964445659409e+02
  7.7734502217811460e-02
34 1
  3.0024102217249625e-02
  6.7664352515886696e+02
  3.9435714012781668e-02
35 1
  2.7398944790940238e-02
  9.5143461101685409e+02
  4.9502532085990128e-06
36 1
  3.1037337052168948e-02
  2.3556414167101690e+02
  4.6663471465322381e-03
37 1
  1.2661134500681020e-02
  4.2678505923281659e+02
  8.8131180976435790e-03
38 1
  4.8485854721239709e-02
  3.6498511888710090e+02
  3.7775531265031828e-05
39 1
  2.3340218180054904e-02
  6.3853612965747539e+02
  3.4804228435843304e-03
40 1
  2.9190229385863166e-02
  4.4736120241864637e+02
  6.9218728579466076e-04
41 1
  1.0560847626068093e-02
  7.9259161390019187e+02
  1.0888609329538352e+00
42 1
  2.4615389489296542e-02
  4.5654815173705492e+02
  1.4024272499914630e-02
43 1
  2.0355554045269057e-02
  1.7914219260422612e+02
  3.6033360779235596e-01
44 1
  2.8582641408994164e-02
  3.1272113660444558e+02
  6.1127769432743992e-02
45 1
  2.0643962628228575e-02
  9.1885721081516567e+02
  7.0702404737621771e-01
46 1
  3.6698796124262176e-02
  1.3918060473933843e+02
  9.3251626077849037e-04
47 1
  4.0974143806944668e-02
  2.0131470597261318e+02
  1.7167739906088380e-04
48 1
  2.0776821767099586e-02
  1.9891112969769682e+02
  3.0042910216697272e-01
49 1
  2.5315952318606876e-02
  3.4058037265165729e+02
  4.9379416363881110e-03
50 1
  4.1199048402141336e-02
  6.2932051913529654e+02
  1.8770002281259870e-03
51 1
  3.5221915592133030e-02
  5.3042348605153313e+02
  6.0982691698178244e-04
52 1
  1.0161133054756155e-02
  9.6333871643018847e+02
  3.7951797418452462e+00
53 1
  1.5261669157269259e-02
  2.4165811238668769e+02
  5.0064069333036025e-02
54 1
  1.9695635649978945e-02
  7.3714252406742537e+02
  1.4638248209196217e-02
55 1
  4.1985103648968555e-02
  2.8783698604853680e+02
  3.4818085767500887e-05
56 1
  4.5972682247037391e-02
  2.9895647710350181e+02
  2.4717693518893927e-02
57 1
  1.7666694064935061e-02
  4.1235840330592288e+02
  2.4382202599126015e-04
58 1
  4.2261041674549249e-02
  3.9538035975614582e+02
  1.9267710014731728e-05
59 1
  1.2685966761226750e-02
  4.1168166356658645e+02
  4.7541576722622896e-05
60 1
  1.7393940618426511e-02
  6.8164001813681796e+02
  1.3000415438516791e-01
61 1
  3.3390472699790480e-02
  7.7735219396709101e+02
  4.6267742019482049e-03
62 1
  3.0586170607742935e-02
  6.6565414664296168e+02
  1.1312170584221622e-03
63 1
  3.4278212365600379e-02
  9.2099234185646867e+02
  1.1909422761796676e-03
64 1
  3.2639732290636631e-02
  5.5364840477502366e+02
  1.3872755793840968e-03
65 1
  1.2298840679460597e-02
  1.1309365053586366e+02
  2.0372845907375578e-01
66 1
  3.3025008415852215e-02
  2.7802953247084724e+02
  1.6366819360643708e-03
67 1
  2.4682000564095564e-02
  6.4853063196336416e+02
  2.9830335808468493e-04
68 1
  1.2892347511133341e-02
  6.3687928101135378e+02
  3.0451055897243499e-02
69 1
  2.7882338864152478e-02
  1.4585160191624965e+02
  2.1123694958172668e-03
70 1
  2.6630312950178196e-02
  3.2286569255193029e+02
  1.6505257988675937e-06
71 1
  4.6786198519499139e-02
  5.4396044172684685e+02
  5.4048448624120588e-05
72 1
  2.2590637654397006e-02
  8.8668024150849328e+02
  1.8226614876822308e-02
73 1
  1.3802955383771544e-02
  6.1589466031100346e+02
  3.4754744809997046e-02
74 1
  1.4534753262835907e-02
  8.6407895151939192e+02
  6.6628077335355335e-02
75 1
  1.7489842308298611e-02
  2.6382339442149896e+02
  7.3065483388836536e-06
76 1
  3.4846492703653177e-02
  1.2794079535055943e+02
  5.3600925976178538e-04
77 1
  3.3966841659176558e-02
  6.6690777644063712e+02
  4.2599646245634896e-05
78 1
  3.1817764829535855e-02
  9.8390724286954253e+02
  8.7887470190299078e-04
79 1
  2.9685314960295951e-02
  6.3338012446671735e+02
  3.3081251344751019e-04
80 1
  2.9666162573465223e-02
  6.1936562563775374e+02
  6.4117138570680705e-04
81 1
  3.1707378540647861e-02
  5.8900862025167271e+02
  2.9187554600517996e-04
82 1
  2.6770238003530650e-02
  2.2131876847730894e+02
  8.2098082960352608e-04
83 1
  4.3732642222220383e-02
  4.9217052240943093e+02
  2.5381262967353403e-04
84 1
  4.5100761520630105e-02
  6.3449612665972495e+02
  1.3449327137365422e-04
85 1
  2.4104235382072736e-02
  4.8382155482909718e+02
  3.0057238018389265e-03
86 1
  4.3659758229972687e-02
  2.3222257479001888e+02
  1.3438694548236499e-04
87 1
  2.2542099217056345e-02
  1.6845947279527758e+02
  7.2466393844990170e-05
88 1
  2.4596314275002255e-02
  6.5825927870802548e+02
  2.3320253100006381e-02
89 1
  1.9931687978753675e-02
  2.3599303235518423e+02
  1.1810829886084419e-02
90 1
  1.6181524702171574e-02
  9.3595225900176558e+02
  4.6298625223759077e-02
91 1
  2.7828321199560691e-02
  1.9802686924008972e+02
  7.6300186353965210e-02
92 1
  1.6851682310817614e-02
  6.4219908041870178e+02
  4.4767772188829211e-06
93 1
  3.8749895786582444e-02
  3.0504341521800654e+02
  6.0553276350974921e-05
94 1
  1.5479789985790752e-02
  9.7293054016666986e+02
  2.5962378736609320e-02
95 1
  3.8268046817755350e-02
  3.4652908353816213e+02
  1.4697644744849294e-04
96 1
  2.8141250179662021e-02
  1.0629710639896668e+02
  9.0228625682789221e-02
97 1
  3.5013996047626249e-02
  9.5069827203159139e+02
  2.0991606583868123e-04
98 1
  1.6809530909773676e-02
  8.0753967821925869e+02
  4.0676229306833366e-02
99 1
  4.7186880753183225e-02
  5.6882973221700161e+02
  5.7890629251007792e-04
100 1
  2.1146445708007760e-02
  2.5468784571238228e+02
  4.6159030059634764e-03
101 1
  4.7376667928256407e-02
  3.2627804698444811e+02
  9.4848507829680797e-05
102 1
  1.8534127207069720e-02
  4.9053460881958466e+02
  9.3486106929197618e-03
103 1
  1.1633637074545788e-02
  8.0964509768069024e+02
  2.9989082350995410e-02
104 1
  1.9318404622989897e-02
  6.8666666557219196e+02
  1.8992139042726219e-03
105 1
  1.2807802435312328e-02
  9.4858480915128473e+02
  7.3669607379299684e-01
106 1
  3.6458212286596285e-02
  7.8816200717788286e+02
  4.5224464983166160e-05
107 1
  2.5120716729872265e-02
  5.2175117062472327e+02
  3.0010228536393999e-03
108 1
  1.1160477694776131e-02
  7.1263619304296378e+02
  8.5071051010973708e-01
109 1
  3.9577076033436270e-02
  3.8068040343564019e+02
  9.6464843549920131e-05
110 1
  3.0420706739547061e-02
  5.0561489135218551e+02
  8.9151745980844345e-05
111 1
  4.7051530676359095e-02
  9.9302770119035972e+02
  5.9318229702003070e-03
112 1
  4.1771829380845574e-02
  2.8284256409427269e+02
  3.9109005504214085e-04
113 1
  2.1276663947066603e-02
  1.9662087736852507e+02
  8.7585000949150435e-03
114 1
  2.7237489905467954e-02
  2.4694415435038704e+02
  4.8748459422169668e-02
115 1
  4.6463583985205545e-02
  8.9955115111216492e+02
  5.9727733622515024e-05
116 1
  3.9352312194999454e-02
  7.2832276386805950e+02
  9.6545461078556322e-05
117 1
  3.1057784993563681e-02
  4.0894440186463504e+02
  1.8219607422080043e-03
118 1
  3.2691924321638387e-02
  5.1278458895459062e+02
  3.3797481711222853e-03
119 1
  2.9283000158501320e-02
  5.0945323278650329e+02
  1.5812453843563990e-04
120 1
  2.0800490705967178e-02
  9.2548803354063455e+02
  1.6620161534406649e-04
121 1
  4.6553496625848817e-02
  1.8826640832813754e+02
  1.3359458035132185e-03
122 1
  1.2542962739198917e-02
  2.4797767760529072e+02
  1.4863365281357853e-03
123 1
  3.5419320054417162e-02
  5.0041988684778102e+02
  4.4442993253337324e-05
124 1
  4.8682854912096105e-02
  1.1214475504106132e+02
  1.8170534527878876e-03
125 1
  3.7632785430528587e-02
  2.5185525883927721e+02
  3.8741627369844603e-06
126 1
  4.9144995012741999e-02
  4.3052172290939916e+02
  2.2127218063109467e-04
127 1
  3.5441399125997627e-02
  6.6074043790387941e+02
  1.7823584255259015e-04
128 1
  3.6494875064387394e-02
  4.3131936268076271e+02
  3.6636118544548072e-05
129 1
  3.1452931122841747e-02
  1.0292786825845384e+02
  3.2899471221399393e-03
130 1
  4.7715335108877786e-02
  6.2909240963896377e+02
  1.8681409264458888e-04
131 1
  4.9739673292795050e-02
  6.0594997545855585e+02
  2.7291743477138140e-04
132 1
  4.1283967982141290e-02
  4.8456496898511659e+02
  4.2915994172555297e-03
133 1
  1.4150503354179906e-02
  5.3602551682732326e+02
  1.6340419448937402e-01
134 1
  1.5937980049149127e-02
  8.5636376822547243e+02
  5.5846140876633879e-02
135 1
  4.6262840320180562e-02
  7.0182830553042152e+02
  4.1968842445629442e-04
136 1
  3.4312257988970848e-02
  2.4590385289681325e+02
  8.7353071936624171e-03
137 1
  4.6646750194955039e-02
  5.7698022134712915e+02
  1.6853170602606836e-03
138 1
  2.4766159367526956e-02
  9.0440432744343025e+02
  4.7096713540847835e-03
139 1
  3.5279875570032690e-02
  7.4755328816927658e+02
  1.5174330026707322e-04
140 1
  2.5906035095055603e-02
  4.6992482537078894e+02
  1.5767400695205411e-03
141 1
  2.9391637193761595e-02
  7.4059047288335421e+02
  4.2885477093971757e-03
142 1
  1.7168074204813723e-02
  3.2154199381472637e+02
  2.1528789213082378e-02
143 1
  3.4320887896251352e-02
  8.0838180921482001e+02
  7.0975204500909488e-04
144 1
  4.5024163190249433e-02
  7.3384059482013834e+02
  1.6270669509045021e-04
145 1
  1.2611669083913635e-02
  8.6211227779677711e+02
  1.8202273101763938e-04
146 1
  3.7828121649785031e-02
  9.9762686705725594e+02
  3.5635594397539160e-04
147 1
  2.0245015206264805e-02
  5.2721921178950890e+02
  7.8444370658465705e-03
148 1
  3.6119807953797191e-02
  3.8823462588458074e+02
  2.5454467417954769e-03
149 1
  2.9059689281703757e-02
  9.6956178656595841e+02
  8.5177347068915831e-05
150 1
  4.2589106446983806e-02
  7.0792924591970132e+02
  1.2763063210717135e-03
151 1
  3.8857283784960062e-02
  9.9962470033309648e+02
  5.0306643963089791e-04
152 1
  1.8741632299805820e-02
  9.4620056128064198e+02
  9.3259896161000749e-02
153 1
  4.9494140118683756e-02
  2.5265345292266153e+02
  6.5042472953711987e-04
154 1
  4.0068396424962398e-02
  4.4828915010746067e+02
  7.7538628573885877e-04
155 1
  1.7142274786132516e-02
  5.6984232241555242e+02
  1.7700365670641715e-02
156 1
  2.5553021348767462e-02
  7.0890395812094403e+02
  2.1936213889593912e-02
157 1
  2.1841769397781124e-02
  3.9021819562088621e+02
  3.3830881321284499e-05
158 1
  4.6314496916958367e-02
  1.6542963738005125e+02
  1.2946456921391380e-04
159 1
  2.6251048859661001e-02
  8.7927738014770546e+02
  3.2182114785937670e-05
160 1
  2.7777357921124138e-02
  9.0943562016977728e+02
  2.3542101133132379e-02
161 1
  4.5742129453486824e-02
  2.0798647978775506e+02
  1.3096181082978341e-04
162 1
  1.1315258875542907e-02
  8.0369634489975704e+02
  2.7041107393491033e-02
163 1
  1.4287166823841244e-02
  2.8972056286801609e+02
  4.1909574750526746e-03
164 1
  3.5340742506673906e-02
  7.1485105440144014e+02
  1.4332985424361581e-05
165 1
  1.9079907861705825e-02
  3.1020107323667082e+02
  2.7476778558410176e-02
166 1
  3.2213902699544050e-02
  4.6316842005595959e+02
  2.7022549483294878e-06
167 1
  4.1910460201422896e-02
  6.5046566946481619e+02
  2.6026332449147113e-04
168 1
  1.4404996184932533e-02
  1.2133178802385544e+02
  6.1152469199497799e-03
169 1
  1.2854403027544918e-02
  8.1107818950544026e+02
  1.2889332054974946e-06
170 1
  4.5820578930871832e-02
  1.4604667103111123e+02
  2.9711457787832192e-04
171 1
  1.0609399187140819e-02
  9.1526650906613395e+02
  2.4923318351356094e-01
172 1
  1.4461337585906189e-02
  9.4567983321569864e+02
  2.8579899430411604e-01
173 1
  4.9536607146494376e-02
  9.8315566769361294e+02
  1.0470903800694124e-04
174 1
  3.7260993109373843e-02
  5.1810315043488663e+02
  1.8364560675157823e-04
175 1
  4.4846379256027934e-02
  5.2051964960793021e+02
  1.8164214092505735e-03
176 1
  3.2427158151877654e-02
  5.0146665501299628e+02
  1.7569794219563291e-03
177 1
  1.5627359366597308e-02
  8.0131048280699667e+02
  3.0047212627188762e-04
178 1
  1.9674659640805173e-02
  4.8581389995199345e+02
  2.5961919611334996e-02
179 1
  2.5950210672034985e-02
  4.7107722522061187e+02
  5.7244672553331023e-03
180 1
  3.7782360997378070e-02
  3.6606447399210396e+02
  1.7988519356039686e-03
181 1
  3.7107555454758724e-02
  4.2167647447570999e+02
  6.3011371282135486e-04
182 1
  1.5284152902105896e-02
  9.4181638681963852e+02
  8.9685950585997494e-03
183 1
  3.9844628892282317e-02
  1.9566194526844748e+02
  2.1919965501205699e-04
184 1
  1.5131620682148086e-02
  3.1080159157915114e+02
  9.6223230239244367e-02
185 1
  4.2619726800778759e-02
  7.6092348943358445e+02
  1.1985423132578128e-04
186 1
  3.8793058548249798e-02
  7.9498387047605775e+02
  3.9857785798843146e-07
187 1
  1.7838846368286219e-02
  3.3956892992810765e+02
  5.3891638311184820e-04
188 1
  1.4836962757649348e-02
  5.3136190194197093e+02
  1.3108778212052752e-04
189 1
  3.4600250819586335e-02
  8.1418692418513217e+02
  2.0675400236706376e-03
190 1
  2.9109659076756639e-02
  3.8968685329420811e+02
  4.2737177730519799e-03
191 1
  3.9671861702218592e-02
  1.8639964026589863e+02
  5.8823871843322467e-03
192 1
  2.1930534662162202e-02
  5.9048941965898939e+02
  2.9499269774668942e-02
193 1
  1.2254302732131586e-02
  5.7977600373056521e+02
  1.3391741283828525e-02
194 1
  1.2759836497735155e-02
  8.1972155647143791e+02
  3.8814609098725451e-02
195 1
  2.0122213785034704e-02
  4.9742552098931071e+02
  9.9563163292385644e-06
196 1
  2.2091108769742358e-02
  3.9199656758950863e+02
  5.8487948773160311e-02
197 1
  1.5882511353177257e-02
  5.6091586017218242e+02
  4.6700991049584521e-02
198 1
  4.7351628172077068e-02
  7.0549457094752904e+02
  4.2762434255643660e-04
199 1
  1.1788294383822147e-02
  1.3507658542421487e+02
  4.3693202126740820e-02
200 1
  4.0154431840122878e-02
  9.0682291611429446e+02
  3.5938437351458819e-03
201 1
  3.6341246366641135e-02
  1.7243057676853175e+02
  7.6405989345508063e-05
202 1
  1.9365224512687525e-02
  6.1223106494915248e+02
  1.7255149062808676e-02
203 1
  4.8048693996355266e-02
  7.4896502798668348e+02
  9.9942337457121445e-07
204 1
  1.7850845053983315e-02
  8.6670741849104286e+02
  1.9793644396986391e-02
205 1
  1.5654426426968737e-02
  8.7504493029170897e+02
  2.3435159987498502e-01
206 1
  4.5653517221796100e-02
  5.4720439352002199e+02
  1.3591726065354011e-05
207 1
  4.0626084544838452e-02
  5.0719865079419623e+02
  1.8121567301193514e-05
208 1
  2.3152057982493215e-02
  8.7754911250441751e+02
  7.1227086817880106e-02
209 1
  3.1268461106265175e-02
  8.6732969463981215e+02
  5.1162109677072420e-03
210 1
  1.4881701025814610e-02
  7.7883422027422785e+02
  9.8677834232778774e-02
211 1
  2.4234553093646909e-02
  4.5393831033452335e+02
  1.2995824839806961e-02
212 1
  4.6592052815683217e-02
  4.6954820387188727e+02
  8.3318871861399907e-05
213 1
  3.5613865807379533e-02
  6.8383978793352833e+02
  2.1990239083957555e-05
214 1
  2.8795880654154289e-02
  2.6717004139338155e+02
  1.2055448421471292e-03
215 1
  3.3870844819485608e-02
  1.0266470168007757e+02
  3.3564257036648917e-03
216 1
  1.4482793542110732e-02
  4.0431558338078463e+02
  1.0377380059610237e-05
217 1
  3.0440793074835465e-02
  2.7863946786981052e+02
  6.3670678086976467e-03
218 1
  3.2037379329259222e-02
  8.9843268483115025e+02
  2.4895979587715501e-03
219 1
  3.6537139390081699e-02
  8.3869913208628964e+02
  6.4167703517484988e-05
220 1
  1.9152972470108873e-02
  3.7234027709473867e+02
  2.0118696450184367e-02
221 1
  1.7939955168077702e-02
  3.6980535869160917e+02
  1.1543621362375127e-02
222 1
  4.2436870621664860e-02
  3.9445088282597754e+02
  1.0433560848361041e-05
223 1
  4.1227095016998748e-02
  4.5131897255881643e+02
  1.6891388920585866e-04
224 1
  1.6326762507169863e-02
  6.5140530757420015e+02
  5.0678633578081318e-03
225 1
  3.6902980453028804e-02
  3.3644520979106670e+02
  1.7280742652930648e-04
226 1
  3.7977273685828448e-02
  5.6415658722801902e+02
  3.0461703112077382e-05
227 1
  3.7009197560404057e-02
  3.3898010458195586e+02
  1.3381856990874446e-02
228 1
  1.6136946430121056e-02
  9.7523187787878885e+02
  9.0520375224345875e-02
229 1
  2.9629383727810057e-02
  5.9781145326421188e+02
  1.7923377254229792e-03
230 1
  3.3193043566864470e-02
  9.9059926564404702e+02
  1.8963874434634418e-03
231 1
  4.1271121726926013e-02
  9.5683345959816745e+02
  8.8167080073892382e-04
232 1
  1.6065417565473084e-02
  2.1119283291767019e+02
  8.6878465386637793e-03
233 1
  1.1043647505195648e-02
  2.9719347687977995e+02
  1.2247785120699736e-02
234 1
  4.6409590381146219e-02
  6.2363417410647219e+02
  8.3640672126646500e-05
235 1
  1.3574297354619158e-02
  9.7056850131064118e+02
  6.5536839843179734e-02
236 1
  2.1407804052498099e-02
  2.2317893341536583e+02
  5.8742362848403142e-03
237 1
  3.2787308932685902e-02
  6.6778314810701784e+02
  7.8898309982556002e-03
238 1
  1.2165925753994810e-02
  1.4898652524682066e+02
  3.5605035955196870e-05
239 1
  4.4007674652080837e-02
  1.5631610078961407e+02
  1.8446627615960317e-05
240 1
  1.8275036097613648e-02
  6.4907009585926778e+02
  6.2567243163846285e-03
241 1
  2.8330582831246121e-02
  5.2606707219107398e+02
  5.6440774103238330e-04
242 1
  3.2886248810052060e-02
  3.1798958032321627e+02
  7.6536188163963386e-03
243 1
  4.8854121819573514e-02
  9.2383128478752042e+02
  6.6054211096150490e-05
244 1
  4.7913819672238935e-02
  8.5559204007554433e+02
  2.5898823450476839e-04
245 1
  4.5771561912191831e-02
  2.7160097822942816e+02
  1.2662614565855105e-04
246 1
  4.2199009805507504e-02
  2.8177147275496810e+02
  5.3055273591843272e-05
247 1
  3.9838169249835506e-02
  1.8457692460463238e+02
  1.2054975278103067e-05
248 1
  2.8404589438030772e-02
  7.9207879506991185e+02
  2.5545540784050181e-02
249 1
  4.6069352382360665e-02
  2.0468388167674834e+02
  1.0906608318838214e-03
250 1
  4.2955573570949764e-02
  7.9834070516048962e+02
  6.9996692000927872e-04
251 1
  1.4846760560463537e-02
  9.7155797317081965e+02
  3.8025552253836831e-03
252 1
  2.7951197182084990e-02
  7.3299728864109954e+02
  5.7344096950346429e-03
253 1
  1.2220813238891220e-02
  1.8768063673310945e+02
  1.1173404118059567e-02
254 1
  1.1129596476820110e-02
  2.6577201518219522e+02
  3.4544621511119239e-01
255 1
  4.0008149118594898e-02
  4.3959460632353773e+02
  7.6583857732233718e-05
256 1
  1.6673166346584060e-02
  5.9536067405848792e+02
  5.4723433034864410e-03
257 1
  4.4104936295833876e-02
  8.5938269836389588e+02
  1.7735323216078443e-05
258 1
  4.4782196823778660e-02
  4.1705912937436216e+02
  1.0053987727413277e-05
259 1
  3.0997171960844269e-02
  9.4368748380545867e+02
  8.9192299044016054e-05
260 1
  4.3807085964291864e-02
  4.2965904864909083e+02
  5.8936494181524145e-05
261 1
  3.4648499236520615e-02
  3.5747194818485156e+02
  1.3821955746150380e-04
262 1
  3.9744300103012609e-02
  6.2828991264858735e+02
  1.2202802244546448e-03
263 1
  1.4196834078113006e-02
  2.2370039339941013e+02
  3.3794726309784175e-02
264 1
  3.6066993972671678e-02
  8.1823245268223468e+02
  1.7693944052922205e-06
265 1
  4.9822698230418704e-02
  1.7769077375824133e+02
  1.1475274043039662e-05
266 1
  1.3185460291982377e-02
  3.1650660643941097e+02
  3.6694394380233079e-02
267 1
  2.0851263168217272e-02
  9.6224334417248292e+02
  9.1075171909735428e-06
268 1
  1.2951172284833702e-02
  1.2404061698631412e+02
  5.4091363319755746e-02
269 1
  1.9771650498701096e-02
  1.7404966492576045e+02
  3.2814021697132826e-04
270 1
  1.9837092896009371e-02
  8.4522509489801018e+02
  1.5262222207527028e-03
271 1
  1.7589284160094934e-02
  1.2464562510445045e+02
  3.3366160079403198e-02
272 1
  1.0445813066272909e-02
  1.5795776751872981e+02
  4.9696081060052771e-01
273 1
  2.4957016341591726e-02
  6.7459416647054911e+02
  1.7874845882651905e-01
274 1
  3.6923852758241754e-02
  7.4676495278988261e+02
  1.3144047484772467e-03
275 1
  1.3686115465707201e-02
  7.6934969183986539e+02
  6.1307411432689404e-03
276 1
  1.6470123225017508e-02
  3.1717712364577557e+02
  1.0305019519379392e-01
277 1
  1.9606107938180729e-02
  7.6630210620113746e+02
  1.3526441817694589e-02
278 1
  4.6122412520834440e-02
  5.7581698858692175e+02
  5.1469178880207370e-05
279 1
  2.0631685355860595e-02
  2.3436007312008181e+02
  1.6303511928356070e-05
280 1
  3.7924229246677939e-02
  4.2518220120951639e+02
  2.1902993522737656e-04
281 1
  1.5326806005559305e-02
  9.8892770016548593e+02
  3.6740673353230144e-04
282 1
  3.2138155507789069e-02
  2.7033922992024537e+02
  3.6347602319622641e-02
283 1
  1.0357486413343570e-02
  5.1587057593905865e+02
  2.4764659716751510e-02
284 1
  3.5129159585428033e-02
  3.8147506826043832e+02
  5.8250039466602912e-05
285 1
  4.5353016936254230e-02
  2.5574445270306637e+02
  9.9362069720131162e-04
286 1
  1.1522096888759218e-02
  1.6243020099863884e+02
  6.8967294891866010e-02
287 1
  1.0319985761456185e-02
  7.4425469682424080e+02
  1.0738606240516000e+00
288 1
  2.0287266708019780e-02
  7.6496438497075087e+02
  5.2004407535305046e-02
289 1
  2.5389312107595294e-02
  2.2763789125966741e+02
  3.6470106568068338e-02
290 1
  3.1153583657589551e-02
  8.8136513176130370e+02
  1.8538818371894286e-05
291 1
  2.5669563265810519e-02
  2.4868131384974410e+02
  1.0184291398921438e-03
292 1
  4.7024606503464565e-02
  9.8656877508506591e+02
  9.9151984451204724e-07
293 1
  1.4342444540999106e-02
  3.0628056640735849e+02
  1.4363023527598178e-02
294 1
  4.3190660673003020e-02
  2.3403077585028055e+02
  7.0383123786614046e-06
295 1
  3.6827208745548130e-02
  2.7494839532051628e+02
  7.2009723624773066e-05
296 1
  4.0791878012806121e-02
  2.2447591447745259e+02
  3.0044324522456348e-04
297 1
  3.5376573779851470e-02
  9.6644807925766702e+02
  7.8548685409692844e-04
298 1
  1.1494756186816262e-02
  9.3651733494234145e+02
  6.9668313589847251e-04
299 1
  1.5398833636808598e-02
  4.5312443431630936e+02
  7.9894985076042757e-02
300 1
  4.1538244479102197e-02
  2.9399198638610170e+02
  7.7334133353527265e-05
301 1
  4.8599291515834302e-02
  3.5926700972591851e+02
  2.6258215230619146e-05
302 1
  1.7072569357600327e-02
  8.9733010214433546e+02
  1.9176689118489477e-04
303 1
  3.0520022259876142e-02
  7.0061482932163165e+02
  2.2835973490670258e-03
304 1
  2.0422913686625153e-02
  2.4515295283792213e+02
  2.8837231069867863e-02
305 1
  2.8190340539994807e-02
  8.1021502540084305e+02
  1.6656278412573642e-02
306 1
  1.8804563282655815e-02
  8.2106364383267407e+02
  1.0312901540552384e-03
307 1
  4.0579869395764488e-02
  3.9299787891139181e+02
  2.5259577007674408e-05
308 1
  2.2051227462371450e-02
  9.6506318164279833e+02
  2.2260137839000799e-02
309 1
  2.3597024452051626e-02
  9.4506595988630602e+02
  1.5472453642366808e-02
310 1
  2.7840215956587443e-02
  3.8624322296345753e+02
  4.5971006031640319e-04
311 1
  4.8771468303190298e-02
  1.2595646810394547e+02
  1.0543280647967501e-02
312 1
  2.7326046161654426e-02
  5.8146956605639753e+02
  1.6422573973810222e-05
313 1
  1.8206367679371671e-02
  7.5240514133959323e+02
  6.4534446544309036e-03
314 1
  1.0719308226555264e-02
  4.3863964804897063e+02
  5.9492614923794862e-01
315 1
  4.2036173650117671e-02
  9.7929254368063641e+02
  1.0018005414184664e-03
316 1
  4.6945147124633727e-02
  8.5172835903900125e+02
  2.9521561963934338e-05
317 1
  1.9207408538575943e-02
  1.0946056468717781e+02
  2.1037398126148014e-02
318 1
  2.6914510311221010e-02
  8.4147089590237977e+02
  3.8771331435226864e-05
319 1
  3.0662978015422344e-02
  1.9255660132633363e+02
  1.2659150345522641e-02
320 1
  4.0905663185112955e-02
  3.7738160600097922e+02
  4.4436157261589940e-05
321 1
  1.1404003890568393e-02
  6.3969361315588174e+02
  6.3378522740319809e-01
322 1
  4.4185754671593087e-02
  3.8480843239641212e+02
  4.2218844085443359e-06
323 1
  4.4937089536458766e-02
  8.3534671376042377e+02
  1.1812833823970241e-04
324 1
  1.8851180840866261e-02
  6.7731866921517928e+02
  6.6016974335500869e-02
325 1
  1.4578436498631928e-02
  6.0532560968539940e+02
  9.9166270382659003e-02
326 1
  2.4511276439945807e-02
  3.3269748778748203e+02
  8.9831823210713702e-03
327 1
  4.4656567122441052e-02
  2.8694999749308920e+02
  1.2137913485192653e-04
328 1
  3.7071005963008392e-02
  6.3116958798629685e+02
  2.8172255230876582e-05
329 1
  2.8627928456434949e-02
  5.9498818387058009e+02
  7.0727022887606217e-04
330 1
  3.5981984163030049e-02
  2.9137547352885616e+02
  6.0123162915786564e-06
331 1
  3.7854518240212708e-02
  6.5231874715505103e+02
  3.1791246986629995e-04
332 1
  4.5385788076867259e-02
  1.0461152812676110e+02
  8.1903340421932112e-03
333 1
  3.9762085857857996e-02
  1.9518284512473406e+02
  1.4507695061387893e-05
334 1
  1.5007373630482410e-02
  6.4132468080372780e+02
  1.0589454219125523e-02
335 1
  3.7386225369696609e-02
  4.5081231580996530e+02
  7.3389223400110092e-06
336 1
  1.2482740052418197e-02
  4.6385485915888790e+02
  2.2047054598850569e-06
337 1
  3.2302480264223402e-02
  7.2265741654646467e+02
  6.1198598522715133e-05
338 1
  2.3271965968493361e-02
  5.8235296668748049e+02
  9.0587585541705169e-03
339 1
  2.9436605021132441e-02
  6.7167540231010662e+02
  5.6192316244101841e-04
340 1
  2.6657593294241277e-02
  4.6110953410128576e+02
  6.8570516453235779e-04
341 1
  3.5495022139798396e-02
  1.5919885947746172e+02
  2.2909368338798323e-03
342 1
  2.1209851515092817e-02
  4.8610591146420035e+02
  1.0507320792828021e-02
343 1
  3.5701829548730434e-02
  4.1797097381533632e+02
  6.5716303125268896e-05
344 1
  2.2478414604868005e-02
  7.2037918292641609e+02
  5.7945007607792571e-06
345 1
  4.7530057481457506e-02
  9.1085480101879443e+02
  4.5502107648561098e-04
346 1
  2.9564068557137654e-02
  8.3187632764581417e+02
  6.7760461536228142e-05
347 1
  2.2221508996235911e-02
  2.3053053068710983e+02
  5.9681116013655120e-03
348 1
  4.9167017959657604e-02
  7.2475096415558414e+02
  2.5655223117222252e-05
349 1
  3.2181721017370803e-02
  8.9261012976314419e+02
  2.0533032239799547e-04
350 1
  1.8116742330024367e-02
  2.6102583294684337e+02
  2.2583900117693536e-02
351 1
  3.1403208527734136e-02
  4.3763287688150666e+02
  4.4596586738240357e-03
352 1
  4.7429638463980357e-02
  4.1351399372467495e+02
  5.6942439390814949e-05
353 1
  1.8637856467476982e-02
  9.9726959336882908e+02
  4.2605173223951708e-02
354 1
  2.7752809132986146e-02
  9.8200185838486152e+02
  9.0350392583094424e-05
355 1
  1.0088685852628522e-02
  5.6764808984363822e+02
  2.7072266975304501e-03
356 1
  2.3558035225345771e-02
  9.7740435787639785e+02
  4.7227355690477235e-03
357 1
  1.6723567251527481e-02
  9.4272362432606690e+02
  1.9616072808107135e-02
358 1
  2.4123236491178739e-02
  5.7885892653491305e+02
  3.1602567189071315e-03
359 1
  1.3106236921207159e-02
  4.8907204347861557e+02
  4.3957620472001684e-02
360 1
  1.1911447370905172e-02
  1.7699016420393724e+02
  3.9367885787293000e-02
361 1
  3.1722579576188036e-02
  7.1908058897493436e+02
  5.1126302396271831e-06
362 1
  4.3428120338818120e-02
  2.0858891650186337e+02
  1.6609584090422154e-03
363 1
  4.1500292900158234e-02
  2.0647161219197864e+02
  2.4217070813322513e-05
364 1
  1.9488500933110948e-02
  5.2547855221944792e+02
  1.3743768613585095e-04
365 1
  3.4375986155427987e-02
  6.7351695969552588e+02
  1.6161869600438100e-03
366 1
  2.3884116320090423e-02
  2.7976094779999039e+02
  4.3038358940977557e-05
367 1
  2.6466568113503314e-02
  6.5575413869230738e+02
  1.0087256024335079e-04
368 1
  3.8070473385616428e-02
  8.8793874138846934e+02
  1.7802324132462590e-05
369 1
  4.8444460124412773e-02
  9.5833033639724852e+02
  6.5389032294340484e-06
370 1
  3.4420748473042974e-02
  7.3747514391903530e+02
  1.5692227514214965e-03
371 1
  4.3933256285569287e-02
  4.5631620000019490e+02
  4.4564460490027507e-05
372 1
  4.8979355734297708e-02
  9.0541195554775743e+02
  2.5907026001104110e-05
373 1
  1.3739987136805423e-02
  1.8501282889070586e+02
  1.4174535484125037e+00
374 1
  3.3277127205206612e-02
  8.5247016755094296e+02
  5.9730512273871885e-07
375 1
  1.6200060697365581e-02
  4.2418501046811463e+02
  2.9851730199804620e-03
376 1
  3.8449615400065494e-02
  5.0828455758908979e+02
  9.6038634161081806e-05
377 1
  3.4151519591189700e-02
  4.3243309005207061e+02
  1.1090787665505926e-05
378 1
  1.5765092166925357e-02
  1.0878372987820009e+02
  6.2809491576513901e-02
379 1
  2.4051021466688728e-02
  6.6497739282370435e+02
  2.1118988991365773e-03
380 1
  2.7638722750543951e-02
  6.4790300064389737e+02
  8.4636179087563355e-03
381 1
  3.9604247578067818e-02
  8.3461534322789657e+02
  3.6794208309100743e-05
382 1
  2.1530176456817506e-02
  3.8739610871472212e+02
  9.5015155663950458e-03
383 1
  4.0254619220129503e-02
  6.4619840723266759e+02
  1.1439058899148865e-02
384 1
  4.6330958898035332e-02
  1.6452794382866841e+02
  1.4914921694105283e-05
385 1
  3.5055108702543712e-02
  3.0917444389302955e+02
  5.1004674904773049e-06
386 1
  4.4201461739429022e-02
  8.0615872068268197e+02
  2.9734298957246924e-03
387 1
  1.5505911899705377e-02
  8.1739557809592020e+02
  5.1885292468916199e-03
388 1
  4.9090928213880836e-02
  3.7120820770697117e+02
  2.5623042532345292e-04
389 1
  4.4381717066961208e-02
  3.4751817495884285e+02
  3.0551641845336336e-04
390 1
  4.0174304212599203e-02
  8.2080614344263745e+02
  1.0762169503525096e-04
391 1
  1.9429894967279350e-02
  7.6512185734558011e+02
  3.9553864424631191e-03
392 1
  4.9276204890159984e-02
  1.1490761201256309e+02
  3.6489088461849948e-04
393 1
  4.5424907248460183e-02
  7.4133670101903226e+02
  2.3659072445757039e-04
394 1
  3.4940240304796137e-02
  8.4194233329428471e+02
  1.7090564171296077e-04
395 1
  1.7437121406587364e-02
  7.8868519357875232e+02
  9.3707714673616383e-04
396 1
  2.3788626001546451e-02
  4.2905025399026943e+02
  9.1376794090310097e-03
397 1
  2.7146021632731901e-02
  2.4336191008247525e+02
  2.2413397601491062e-03
398 1
  4.5133735984607487e-02
  6.8551723888861818e+02
  6.1534377061248742e-04
399 1
  3.8025083640769633e-02
  6.8420849205935770e+02
  1.1957831295371212e-03
400 1
  3.6770079123456999e-02
  3.0034337063852854e+02
  4.7843591307942926e-02
401 1
  2.7108417850280377e-02
  7.3551939992155849e+02
  4.0560608692544187e-04
402 1
  4.6496155059885309e-02
  6.9445093347181148e+02
  1.2181433319405244e-05
403 1
  4.6868627218207642e-02
  1.4992938684338210e+02
  7.0445077333667293e-04
404 1
  1.2336422605037886e-02
  9.6805037862334893e+02
  1.8003750215519936e-04
405 1
  4.2214463394439995e-02
  5.8553722173098345e+02
  2.1161040876735548e-03
406 1
  2.2183815010722641e-02
  7.5491990680267099e+02
  5.2506157358587645e-04
407 1
  1.8499697962710494e-02
  8.5798112387097490e+02
  5.8513942402738904e-02
408 1
  3.8233670087230241e-02
  8.8422387502376171e+02
  1.6599103668074350e-02
409 1
  1.1361411047913791e-02
  3.7405579802666597e+02
  3.8335110884567825e-01
410 1
  2.6935610111102279e-02
  7.9611517190715062e+02
  7.9123045488544048e-03
411 1
  2.2864929842140960e-02
  6.0289218485480751e+02
  1.1458473746722354e-02
412 1
  1.9019805741058573e-02
  3.2856189819372344e+02
  2.7476727012349825e-03
413 1
  3.5595909933650825e-02
  2.9242087004213636e+02
  3.3869602031242089e-05
414 1
  2.2039197126589343e-02
  4.3311795709050165e+02
  1.2798769414270948e-03
415 1
  4.5874760783926945e-02
  4.1016134927936895e+02
  7.8992957498961498e-05
416 1
  1.0677125361150655e-02
  6.5668020226046451e+02
  5.1766304187402239e-07
417 1
  1.1939637600956315e-02
  7.4994197180468677e+02
  1.0803469214130877e-01
418 1
  4.3904977907345155e-02
  6.2418690053815340e+02
  6.2766958598448505e-05
419 1
  2.8541235832097583e-02
  3.7580704665491686e+02
  3.1704520689539682e-05
420 1
  1.0976893467314957e-02
  4.2760836932612972e+02
  1.1387113049830493e-02
421 1
  1.1217742386710710e-02
  6.3090092701171568e+02
  7.5973116106631114e-02
422 1
  4.1732060624459791e-02
  3.1450719980365000e+02
  3.8036430172198220e-04
423 1
  2.7984157717853862e-02
  4.5970770465056768e+02
  4.3645959695510798e-03
424 1
  2.0112857255243165e-02
  5.4780479049044880e+02
  2.1328607918806694e-03
425 1
  3.2075222686191660e-02
  6.7527390061964923e+02
  4.3482444893868958e-03
426 1
  2.8017570918229213e-02
  5.2915371628196613e+02
  1.8177510476943362e-04
427 1
  3.3537908336938316e-02
  9.0111703912416340e+02
  6.9283977736028807e-03
428 1
  4.7122302339636865e-02
  6.9513878130402372e+02
  2.5537872807949565e-02
429 1
  3.4715937585232753e-02
  8.2583728877950330e+02
  5.7616211514285713e-04
430 1
  4.5596108148766731e-02
  1.5121152281272762e+02
  2.0559860944465816e-05
431 1
  4.6031581456117139e-02
  2.2870562514928432e+02
  3.7339261827647820e-04
432 1
  4.1002034925707635e-02
  3.6299024737099666e+02
  3.9904499162544491e-03
433 1
  2.3018367872302593e-02
  9.8057716853710701e+02
  8.8197039005931017e-03
434 1
  3.6255944957945471e-02
  6.6974151699051333e+02
  1.1321432855311772e-05
435 1
  2.8376527871124692e-02
  7.1572767596129677e+02
  5.6029864178991787e-03
436 1
  3.2343350027568336e-02
  9.7372935479671196e+02
  1.8181031206791231e-04
437 1
  2.2784850756034654e-02
  5.1130490044406844e+02
  3.9945349021078642e-03
438 1
  1.8147575495404925e-02
  4.4877453982847487e+02
  2.0753422058837141e-02
439 1
  3.0227404355438151e-02
  6.0012080143756270e+02
  2.6491495159099475e-03
440 1
  3.9975433358408245e-02
  6.1842955834107920e+02
  4.1611123999667366e-03
441 1
  3.4559677064046113e-02
  9.9604178308678877e+02
  5.9876691628493815e-02
442 1
  4.7580969554083877e-02
  3.5334516186679025e+02
  1.1075880856694019e-02
443 1
  3.1972393884813599e-02
  8.9041782148467269e+02
  2.1061756184732583e-03
444 1
  3.3505027090080568e-02
  9.5483309374830355e+02
  1.6064459316073916e-04
445 1
  1.7236043855229415e-02
  2.3993703125893933e+02
  3.3828651264364690e-01
446 1
  4.7250808587582231e-02
  2.3885624615808774e+02
  2.0574723246697359e-04
447 1
  3.7310427811662869e-02
  4.3622601220823174e+02
  5.0975022774583283e-04
448 1
  4.4494893370687447e-02
  9.2715252361542196e+02
  2.4620834036233264e-05
449 1
  4.2979349016649349e-02
  3.8250375691824769e+02
  6.9994732560710684e-04
450 1
  4.0948194202141928e-02
  6.0400061919256154e+02
  4.2242281513765993e-05
451 1
  2.2644999924341682e-02
  1.7944427070754779e+02
  1.4476300322473509e-01
452 1
  2.9524648268895524e-02
  1.4020207720589920e+02
  1.6357768410144114e-03
453 1
  1.9323258744554248e-02
  2.2559675368950553e+02
  2.4311190210072161e-02
454 1
  2.2492104602964642e-02
  3.6875206449434722e+02
  6.6742912169198724e-03
455 1
  4.2832612800892733e-02
  5.3203339679089072e+02
  3.7240399920683489e-04
456 1
  3.3305055821382004e-02
  5.0300613228846629e+02
  2.9007739542416934e-04
457 1
  1.0420098159080416e-02
  9.2205870977959535e+02
  1.0116254477701519e-02
458 1
  4.8885430969654323e-02
  9.6484843912871941e+02
  2.1431998241904423e-05
459 1
  2.2727094330474314e-02
  2.7713191289153508e+02
  7.7989497921326671e-03
460 1
  3.8177484654494317e-02
  7.2575418578654262e+02
  8.1714387815116397e-04
461 1
  1.9902951249304669e-02
  1.6690962361158319e+02
  7.1423127130423435e-03
462 1
  3.3093606660521406e-02
  7.1993583728854355e+02
  5.3433512806112849e-05
463 1
  1.3299313481198305e-02
  8.3995631779071698e+02
  2.3746931013918707e-06
464 1
  2.4308975148754651e-02
  8.6061486276216579e+02
  1.5827764996419660e-03
465 1
  2.4168945285235041e-02
  7.8039257326582094e+02
  1.2622868144032283e-02
466 1
  1.8418780293268516e-02
  2.7234715654516924e+02
  1.0639933700619128e-02
467 1
  2.2700166107332411e-02
  8.7296527153303168e+02
  2.0414251430298963e-05
468 1
  4.5943741128045952e-02
  2.6242974627280125e+02
  5.7902544715891021e-04
469 1
  4.9939948169114047e-02
  3.3477097463108180e+02
  5.7548174719647307e-04
470 1
  1.5066307712693842e-02
  7.8210328589887513e+02
  1.8615036861155204e-02
471 1
  2.1691422297345206e-02
  1.1029114883997997e+02
  4.6475248173253178e-03
472 1
  4.7921503374297875e-02
  6.3278854840793122e+02
  2.9732292298483020e-04
473 1
  1.8643849333768642e-02
  1.0026985672766801e+02
  1.6292142494415555e-05
474 1
  3.1503415374450117e-02
  7.8385303352733740e+02
  3.6287695037918014e-05
475 1
  4.3511205964624509e-02
  3.6818416635859023e+02
  8.0088675113066413e-05
476 1
  1.1758866657651433e-02
  5.0609691741880818e+02
  8.5875140552816760e-03
477 1
  3.6598407878521089e-02
  7.5972275089082450e+02
  4.6271490219012727e-06
478 1
  4.5696340646192594e-02
  7.3092679611548169e+02
  3.0946996449857942e-03
479 1
  2.5359453679583713e-02
  9.0637259092432100e+02
  8.6217215851377184e-03
480 1
  2.7267337560014489e-02
  3.7011555981967393e+02
  1.4991657077423767e-02
481 1
  2.4335792346939347e-02
  6.8744293601961942e+02
  6.2771109988769653e-03
482 1
  3.3120656300727587e-02
  6.7872491015080584e+02
  3.4924251248383914e-05
483 1
  2.1348159331170916e-02
  7.7854225726096990e+02
  2.1241263526213073e-02
484 1
  4.6714695278813459e-02
  4.0096312721900790e+02
  4.3116668679290748e-06
485 1
  3.6012718535518608e-02
  6.1031761505399720e+02
  4.4554759971243035e-01
486 1
  4.9840189549513254e-02
  4.7362676902344771e+02
  1.2584129488498418e-04
487 1
  1.1649557184506932e-02
  9.3448668177560296e+02
  4.5589841313153306e-01
488 1
  1.3659181264983110e-02
  1.6823742112919570e+02
  2.3811565899396014e-05
489 1
  4.8248333916220972e-02
  7.9028974780840326e+02
  1.5759726045618439e-04
490 1
  1.4661541910367806e-02
  9.8957787951360365e+02
  5.5236838545715615e-02
491 1
  4.3454965905237466e-02
  4.4423377047061632e+02
  1.0890867711824083e-03
492 1
  2.4379928575279160e-02
  4.7965375757205942e+02
  6.7084327079995192e-05
493 1
  3.4791953670751281e-02
  8.3432539289986028e+02
  2.4158203201087962e-03
494 1
  2.0952755711391921e-02
  7.8518363352547578e+02
  1.0999714796733418e-02
495 1
  2.5429751798058745e-02
  6.0697169892204545e+02
  5.6932248538241133e-06
496 1
  2.0037219914327012e-02
  1.3201152874851203e+02
  2.2414334827967505e-02
497 1
  4.6180746021950971e-02
  5.5117834886879587e+02
  3.4130386628874602e-06
498 1
  4.3006976975690100e-02
  7.9058556607383571e+02
  7.2763222418533397e-06
499 1
  4.7828408417323796e-02
  3.5399721158337650e+02
  1.1873392368224002e-02
500 1
  3.0508095411764503e-02
  5.2937830176762236e+02
  2.0811593712419038e-04
501 1
  1.5833232877474852e-02
  5.3913411549261491e+02
  7.4611624941806254e-01
502 1
  3.8395497794633499e-02
  9.6109942056080308e+02
  3.3321297438813923e-04
503 1
  3.6967213363334174e-02
  3.0422169986223884e+02
  1.0188758020671315e-04
504 1
  3.3655904395196549e-02
  6.9135684635441601e+02
  3.0828061681646728e-04
505 1
  3.4745620209512128e-02
  3.4982381510311916e+02
  1.5939724475867981e-03
506 1
  3.1529068636227897e-02
  2.7634824843539309e+02
  2.6225492135133624e-03
507 1
  1.8077222812453855e-02
  8.6829077767286958e+02
  2.5106070089474148e-02
508 1
  3.5861444152305577e-02
  4.7233546858543320e+02
  2.7598874329885460e-03
509 1
  2.8640706012547347e-02
  5.0391287109889691e+02
  7.1591228020866284e-03
510 1
  1.3457547118969983e-02
  5.2801718345448239e+02
  2.1161434823927072e+00
511 1
  1.5522207526863650e-02
  2.0955220884953263e+02
  9.1769290963934866e-02
512 1
  3.0309818822606388e-02
  6.0838245508078603e+02
  7.1097550444284632e-03
513 1
  3.2655527771178409e-02
  4.9873217720386208e+02
  1.2756369957385382e-03
514 1
  3.2851038978402983e-02
  4.6877194860827734e+02
  2.5432839889265980e-04
515 1
  3.2367989763621235e-02
  2.4258229550336594e+02
  6.5727972584680022e-03
516 1
  1.7900525174616148e-02
  8.7038872796045098e+02
  1.3393315014493953e-01
517 1
  2.8686328358187498e-02
  3.7333941284880945e+02
  3.2375801545290865e-03
518 1
  4.8948754599741080e-02
  6.8092311481904392e+02
  6.7250065060069000e-04
519 1
  1.7032874401413312e-02
  8.7839565953835643e+02
  2.0941201626243312e-03
520 1
  3.5838864249716919e-02
  5.5244117635513703e+02
  6.3411208217508536e-05
521 1
  2.2325287449958403e-02
  4.1996405346661993e+02
  1.6173197346393205e-04
522 1
  4.3066472981603106e-02
  3.4860087466365701e+02
  2.5064749411626386e-05
523 1
  2.6566437426808497e-02
  5.4094386918057876e+02
  6.1807801472289741e-03
524 1
  2.0166884005855250e-02
  1.9908574927551007e+02
  2.7579428578367375e-06
525 1
  1.3276993697470516e-02
  1.0658230699122991e+02
  2.5630989717341874e+00
526 1
  3.3950482549309026e-02
  5.4316450900173027e+02
  3.1904655729621811e-05
527 1
  4.1640324029289334e-02
  1.2275576948847424e+02
  3.7417949667362775e-06
528 1
  2.1831473568077887e-02
  2.8082969899784291e+02
  1.7227144292321418e-03
529 1
  3.6754912332480266e-02
  5.6539330737380931e+02
  1.8398226161808946e-03
530 1
  4.7860866188398035e-02
  6.4401167195798439e+02
  2.7394167118272172e-05
531 1
  1.6910747560705406e-02
  3.2095292974820029e+02
  4.4841032811903124e-04
532 1
  4.0094590787149310e-02
  6.4280665233722266e+02
  2.0190534635554525e-05
533 1
  1.0924696550483209e-02
  1.1539974849759589e+02
  3.6349020306184027e-01
534 1
  3.2812663927512559e-02
  7.2713261395601205e+02
  4.2199509871179286e-06
535 1
  3.4588103783870165e-02
  8.0004826134273230e+02
  5.3104897927287020e-03
536 1
  4.7971335537289897e-02
  6.3463017718537253e+02
  1.6205696863673898e-04
537 1
  3.9027360682034572e-02
  2.1650554766678511e+02
  2.0659630884380491e-03
538 1
  2.6063133227482035e-02
  6.9796830354964743e+02
  3.6301801316443345e-03
539 1
  4.2062520899988028e-02
  5.0489377222377516e+02
  1.8489394202314218e-04
540 1
  3.3761555915438363e-02
  3.9659667832697590e+02
  2.6492638609134948e-03
541 1
  4.5237306066545337e-02
  8.9484874473742616e+02
  1.6490538117191697e-03
542 1
  3.1622154929517844e-02
  3.0184072033913839e+02
  3.6771116270674462e-02
543 1
  4.3766172826609655e-02
  5.9243999790211205e+02
  5.4521759276014161e-05
544 1
  4.5312516492527224e-02
  7.4578022622223023e+02
  5.0553785136597362e-04
545 1
  3.9431817199770278e-02
  9.9376118225090261e+02
  1.2445571938355627e-02
546 1
  3.2967363432760986e-02
  2.8534716069276777e+02
  1.4365886084954165e-03
547 1
  2.6975755521792807e-02
  8.2342226613695834e+02
  1.8518137327830056e-03
548 1
  3.6864241121515748e-02
  6.9083466205910531e+02
  8.0612784614954774e-05
549 1
  4.9212331091320304e-02
  8.2239356521097648e+02
  7.5638966247825346e-04
550 1
  4.8174508558946907e-02
  1.8214033667721802e+02
  9.5376417233679833e-04
551 1
  1.6565547597802033e-02
  5.5913787905044751e+02
  3.3938638533404395e-03
552 1
  3.3456171153884461e-02
  4.4306266522955275e+02
  1.2126357866100623e-03
553 1
  1.6987446216338988e-02
  1.6957525772097301e+02
  3.8558078745504703e-04
554 1
  4.0424327700056287e-02
  8.2437784881218238e+02
  2.3704277564682100e-05
555 1
  1.7281725039613307e-02
  4.0304658000382904e+02
  3.9825293403229330e-02
556 1
  4.8839963675364834e-02
  4.2659127675476077e+02
  4.9447141778336109e-04
557 1
  2.0688081288266963e-02
  4.5802266963800542e+02
  1.0458056030762462e-03
558 1
  3.8524067912252657e-02
  4.6659112804745843e+02
  1.7477040467823855e-02
559 1
  3.8159239107742556e-02
  3.5841270921989940e+02
  9.8312915044551801e-06
560 1
  4.5457922897458973e-02
  7.4261505068364318e+02
  6.6018820543896369e-05
561 1
  1.3978461915579839e-02
  1.3722422075421747e+02
  2.5473140066882685e-02
562 1
  4.2294514501064327e-02
  6.4505895063432820e+02
  1.1382788937464763e-03
563 1
  2.5782236626512481e-02
  7.0373936438166515e+02
  3.7157838219222716e-06
564 1
  3.7899709402350573e-02
  3.5593174553612801e+02
  5.2993494791494828e-04
565 1
  4.5049428987432943e-02
  9.9197619598250662e+02
  4.3712778063747864e-04
566 1
  1.0741664959612146e-02
  2.6180443517435549e+02
  1.4939722284842111e-01
567 1
  3.9450166745395476e-02
  6.6876124306878137e+02
  2.7510406901211063e-03
568 1
  1.0862225417784520e-02
  6.6056754634173933e+02
  5.8199644350213686e-02
569 1
  1.3946854698763627e-02
  5.7110175204640336e+02
  2.2487064823775587e+00
570 1
  3.6397959689664632e-02
  1.9408514512953587e+02
  9.8308664568679379e-05
571 1
  3.9109365200339523e-02
  7.2755342586853237e+02
  4.4341864324271246e-06
572 1
  3.6296383884966553e-02
  4.9493136295402951e+02
  8.9225157756595073e-05
573 1
  1.5877769459168321e-02
  6.8827814326266673e+02
  4.2750443487434189e-02
574 1
  3.2515155955308656e-02
  1.5476924929719848e+02
  9.0690920102118149e-04
575 1
  1.4069899489819026e-02
  6.2667875645648644e+02
  5.5636232509471951e-04
576 1
  2.6342182449280369e-02
  9.7468262844494666e+02
  3.8889770719645780e-03
577 1
  4.4810249798135020e-02
  2.9886603737155258e+02
  2.0823199943020506e-02
578 1
  2.5065127055433171e-02
  2.0334322807734983e+02
  4.6685544179400962e-02
579 1
  4.6750500051505169e-02
  2.2028832836299591e+02
  1.7828216772524314e-03
580 1
  4.2719678796883528e-02
  9.9126890196645115e+02
  2.9047864228225928e-03
581 1
  2.9894723905052392e-02
  5.8508176672113211e+02
  8.5234642698544583e-02
582 1
  1.5714754493662508e-02
  2.5103104863014588e+02
  5.6792747827335299e-06
583 1
  2.5182508287887324e-02
  4.2343385767263072e+02
  4.8247859387590163e-04
584 1
  2.9979177069523917e-02
  7.7189079202231528e+02
  7.9094214153207116e-05
585 1
  3.7718270468450277e-02
  4.0216391045156115e+02
  4.7582005930505774e-05
586 1
  4.5196222051957724e-02
  9.1263612445124238e+02
  1.2519693660736884e-04
587 1
  2.6214856512832854e-02
  6.9752214254197759e+02
  3.9048424292879428e-03
588 1
  3.3814013921941638e-02
  8.3735019042959914e+02
  1.3831643907679429e-06
589 1
  4.8542358451943088e-02
  5.5531997048492553e+02
  9.3909361754883043e-04
590 1
  3.7676368039993739e-02
  7.8416440265349308e+02
  2.0677823413065120e-05
591 1
  3.5312634401057211e-02
  7.9745203672957234e+02
  3.4504995854677526e-04
592 1
  2.5449470228203326e-02
  8.7608097874539953e+02
  1.9766250513713465e-03
593 1
  2.6126264756175813e-02
  8.8323525297038043e+02
  2.3850965377481619e-05
594 1
  3.8909779193694601e-02
  2.8260442724963855e+02
  1.5794436246398919e-04
595 1
  3.0957708157765544e-02
  2.1472905579760160e+02
  5.0007859543558120e-03
596 1
  2.3401638732087629e-02
  2.0617027173301682e+02
  1.1435848437211355e-04
597 1
  4.7746733659760440e-02
  8.4642310668110053e+02
  4.3857516904583372e-04
598 1
  2.1094641431465114e-02
  6.9979766320106467e+02
  9.0542053449806821e-03
599 1
  3.5640357445907017e-02
  1.1928299056640034e+02
  8.1186377856315960e-04
600 1
  4.3084993663358037e-02
  7.2312036047583467e+02
  3.1613542833446132e-05
601 1
  2.2387437435121945e-02
  8.8996658031193851e+02
  5.7495934715512852e-06
602 1
  1.3013054990457863e-02
  5.9609293791832999e+02
  5.9703827190006695e-03
603 1
  2.1500120194954855e-02
  9.1280410139635399e+02
  4.3858007577916207e-03
604 1
  2.8873428159055033e-02
  1.1869923848700674e+02
  5.3224893742295998e-01
605 1
  4.1689450451270427e-02
  9.2634579017313467e+02
  6.1773721940814943e-03
606 1
  4.4556842327190961e-02
  4.9089838045481520e+02
  4.5134321777969130e-04
607 1
  3.8501874118401613e-02
  3.6023066159353152e+02
  6.6737534903248282e-04
608 1
  4.9469477612557586e-02
  8.5736250899702429e+02
  6.3658670104750070e-03
609 1
  2.7561898901873223e-02
  5.9768514368682406e+02
  2.1101881630073856e-03
610 1
  2.8487880919020568e-02
  5.2441046012165509e+02
  2.1768844675234453e-05
611 1
  4.3546922505212450e-02
  8.4971448272295038e+02
  9.9770945254975003e-05
612 1
  2.2907218259902308e-02
  3.4121063905330868e+02
  6.0612073969328690e-04
613 1
  3.7746674310968571e-02
  2.5004217766818689e+02
  2.9567979114488571e-03
614 1
  4.2492831450818495e-02
  6.5426239057107023e+02
  1.5022704759820111e-04
615 1
  3.2931552587715698e-02
  8.1645453846946100e+02
  1.1587280239729948e-05
616 1
  4.9643083037083549e-02
  2.0396678780017737e+02
  2.2614967202680913e-03
617 1
  2.0971395756402705e-02
  1.2706785308326029e+02
  5.3358527009145177e-03
618 1
  2.9931431889241293e-02
  5.7358987587037950e+02
  5.0557503300761038e-02
619 1
  2.1169230445553189e-02
  9.8768798696570468e+02
  4.2291300013674982e-01
620 1
  3.4106037646302038e-02
  9.8186885510886509e+02
  2.0687056245267298e-06
621 1
  2.2309365231520203e-02
  5.2260722127505915e+02
  1.6982652030315675e-03
622 1
  2.4275500219834736e-02
  5.5775624682598573e+02
  3.4042869995902660e-04
623 1
  4.9044236352445675e-02
  3.9926016654719609e+02
  1.3312943042949843e-05
624 1
  4.2098210318339158e-02
  3.7657096897562548e+02
  2.3085035720202546e-05
625 1
  2.7444367111662572e-02
  7.1029775558235031e+02
  3.1567237820739974e-02
626 1
  3.0829243089682067e-02
  9.0064489227665820e+02
  2.6854619920462766e-05
627 1
  2.2973219834888921e-02
  6.1765819993198761e+02
  1.2514412603405065e-04
628 1
  1.8347239694347251e-02
  9.6178930364232019e+02
  2.5634040372872254e-02
629 1
  4.5636163371482942e-02
  1.5543450715855440e+02
  8.1982169863123282e-04
630 1
  4.6826093895335728e-02
  4.6248569651156930e+02
  9.2770810170946134e-03
631 1
  2.3807684963609875e-02
  5.4254193051855168e+02
  2.8438752379242736e-03
632 1
  4.3346056824171010e-02
  2.8416699253524052e+02
  1.5003238776686601e-04
633 1
  4.9397097334301615e-02
  7.1665066875426601e+02
  2.0509908129075211e-04
634 1
  2.9487324746980952e-02
  9.2877067594866764e+02
  7.6257931766248507e-05
635 1
  4.6081909022220369e-02
  7.9318741345037120e+02
  2.0422581884219608e-04
636 1
  2.2948251807758703e-02
  1.4353103117585695e+02
  1.7358841990236011e-02
637 1
  4.7211360255075323e-02
  4.8259783336808806e+02
  3.9721560202372685e-05
638 1
  4.7440469654370321e-02
  7.6787938883340894e+02
  1.5663999515693767e-03
639 1
  1.4714923039094975e-02
  7.6275826438579634e+02
  2.1900326045131740e-02
640 1
  2.8261832000027333e-02
  4.1466139971789039e+02
  6.0838580981935082e-03
641 1
  3.1399939160961628e-02
  8.8237191409681554e+02
  2.4681679731656898e-03
642 1
  3.8338240567342495e-02
  1.0743895172613624e+02
  3.3817373042189722e-03
643 1
  1.8692186950171455e-02
  6.7809892519889343e+02
  6.7137223011742783e-03
644 1
  3.9550941592990857e-02
  4.1085984200833360e+02
  4.3702996774967757e-05
645 1
  4.3876892142741430e-02
  6.9387440636412907e+02
  4.2557023681379448e-05
646 1
  1.8022580639879490e-02
  9.9844371223307394e+02
  1.4111276119908364e-07
647 1
  3.4831871824148986e-02
  4.9549407407599227e+02
  1.2065810123439658e-02
648 1
  2.9820212548421800e-02
  2.3274789492587928e+02
  5.6182003259750737e-05
649 1
  4.1871220018449812e-02
  9.9519770028376843e+02
  2.4043173817686191e-02
650 1
  3.2109480250752290e-02
  7.2937636104387991e+02
  1.5091034150902430e-04
651 1
  1.2103857945885444e-02
  3.3347176742310256e+02
  3.2566590468403954e-02
652 1
  3.1223889985412305e-02
  7.2458677262504898e+02
  1.1086915716621908e-05
653 1
  3.8597064011374985e-02
  9.7614277010413014e+02
  2.6794402916823548e-04
654 1
  1.2427195918721705e-02
  6.7250809618332801e+02
  3.3147589296902757e+00
655 1
  1.0202509889622456e-02
  6.9939497851999238e+02
  6.1667997387185425e-02
656 1
  3.1926553675051109e-02
  7.8670681105489234e+02
  1.0254088141864726e-03
657 1
  1.3334982217613135e-02
  4.0854408732258906e+02
  2.1387529683066488e-02
658 1
  4.4456494118970125e-02
  8.5119191748387743e+02
  7.0273362210602274e-05
659 1
  3.2445896542205428e-02
  9.5624675279313090e+02
  2.1122456877235699e-03
660 1
  3.7175905408326493e-02
  2.5837340531422450e+02
  1.4447894792999944e-03
661 1
  4.5501184889125260e-02
  8.9300568017727028e+02
  4.1509246479843112e-04
662 1
  2.0462734621643431e-02
  5.2365006950746761e+02
  7.7857629245688424e-04
663 1
  3.3056552790038544e-02
  1.3835698263470874e+02
  1.9770717175715939e-04
664 1
  2.6192381668757828e-02
  7.3885038890151782e+02
  2.5443708756511911e-03
665 1
  1.2039271802771498e-02
  8.3332822827437337e+02
  7.1622488811224742e-07
666 1
  4.1823529281608540e-02
  9.7810170965190127e+02
  2.4970284710147676e-05
667 1
  4.4135103523179474e-02
  1.9129769539721204e+02
  1.1242083252338087e-05
668 1
  1.1269074510386714e-02
  9.3052816192867613e+02
  2.4794007139396995e-01
669 1
  1.6286964348557857e-02
  3.1587453585615128e+02
  1.5585567570834966e-02
670 1
  2.3842791810111515e-02
  3.5024060799658332e+02
  7.8019193290648908e-03
671 1
  2.0360049727540484e-02
  5.3422382626744161e+02
  7.9014737797362792e-04
672 1
  2.5813876682042089e-02
  7.1747387330265428e+02
  3.4443639448624632e-03
673 1
  3.0683874747289286e-02
  1.1763206358735080e+02
  2.8242597925883395e-04
674 1
  3.1887754597388095e-02
  1.1161196404239720e+02
  4.8674214573146395e-03
675 1
  3.8620243399096768e-02
  1.4130842731176335e+02
  4.1094774366687544e-03
676 1
  2.8900680885399078e-02
  6.9013671867420749e+02
  1.6154693405190073e-05
677 1
  3.9489604398333281e-02
  6.9623111697213312e+02
  7.4612414446713201e-03
678 1
  3.8419876981275095e-02
  3.1357628145142286e+02
  1.8272142292968124e-03
679 1
  1.7700926223462879e-02
  8.3698402483606901e+02
  1.4877370160906331e-02
680 1
  4.3570016869031836e-02
  4.8750434522950292e+02
  1.1332385817842316e-03
681 1
  4.8655025269340277e-02
  5.9057926210825303e+02
  3.3792218344226018e-04
682 1
  3.0723127377202328e-02
  3.1920863578492242e+02
  3.9719891448058064e-04
683 1
  4.6912100838847511e-02
  3.3133629104822700e+02
  2.2610602227678504e-05
684 1
  1.0383326998196229e-02
  4.3524439830139482e+02
  6.9030017453730096e-03
685 1
  2.3228094665793744e-02
  7.5147399094359673e+02
  3.1772656269193775e-02
686 1
  2.4896279208816721e-02
  2.1302146149781601e+02
  5.0645818762541417e-06
687 1
  2.9238831423855777e-02
  2.0025101494982420e+02
  4.1276059046570848e-02
688 1
  4.2755479969063530e-02
  6.2103761770489518e+02
  2.5246465571184456e-04
689 1
  3.4917391917778831e-02
  6.7980821026559374e+02
  2.1378390092196864e-04
690 1
  4.9585639053762724e-02
  6.1706938352806935e+02
  1.2112553076139307e-05
691 1
  3.8809301653043041e-02
  2.7376461921425755e+02
  7.6644242397095894e-03
692 1
  2.7058011750941170e-02
  5.8334917751147850e+02
  4.2485452934198730e-04
693 1
  2.8234685402621834e-02
  2.1578640730622521e+02
  9.8698085805194583e-04
694 1
  4.0723591152561640e-02
  9.6936076739954797e+02
  8.7770181094867612e-05
695 1
  3.7525031261688581e-02
  4.7751826710343278e+02
  1.5134955808842200e-04
696 1
  1.2991660410236409e-02
  5.5287625496297892e+02
  1.5433269955230683e-01
697 1
  3.3407497917826989e-02
  7.6340741398064768e+02
  3.1177221601871759e-03
698 1
  1.2474831235145607e-02
  5.3515282771068291e+02
  1.4111867860359710e+00
699 1
  3.0387127957244929e-02
  1.5353804607607333e+02
  9.3729367770928340e-04
700 1
  1.7266874900826661e-02
  9.2050652948343497e+02
  2.4873140398949892e-02
701 1
  1.6934044167033417e-02
  4.4122452847870278e+02
  3.5555896001071632e-02
702 1
  2.3284805163799230e-02
  8.7433430333548893e+02
  1.3358547110891402e-02
703 1
  4.4436251611540217e-02
  1.4806737175694079e+02
  7.0313220983780116e-06
704 1
  2.2275161201541854e-02
  8.2827785875968539e+02
  5.3139944498543333e-03
705 1
  4.9437470585218392e-02
  9.5339223271319281e+02
  2.1335846626127186e-04
706 1
  3.7238054883479171e-02
  7.0960748750744733e+02
  1.9490865934065722e-04
707 1
  4.1388604900496367e-02
  8.3912782475428094e+02
  2.3234450095403434e-05
708 1
  4.1066619602510068e-02
  7.0608903892258604e+02
  1.8378673288812887e-04
709 1
  4.8229985470096583e-02
  3.2748074169870500e+02
  1.8126309212131270e-04
710 1
  2.1313415488709422e-02
  7.1123724914246122e+02
  5.2296674159784617e-01
711 1
  3.8705939025406699e-02
  4.5831531953314101e+02
  1.8097883168290903e-05
712 1
  4.2153661855921926e-02
  3.5704884265924284e+02
  1.8082536103258305e-04
713 1
  3.3719197293873501e-02
  5.3659036908591656e+02
  6.1094777769837654e-04
714 1
  1.0520749346018187e-02
  6.0147706581865305e+02
  1.6484655528426678e-01
715 1
  3.9317958282082323e-02
  8.9392106998894417e+02
  5.4599039589706491e-04
716 1
  4.8736365403782754e-02
  4.8872527256213374e+02
  5.0934978189525891e-04
717 1
  4.2892857595706761e-02
  7.1353428055082190e+02
  3.9128856202245565e-04
718 1
  1.4084878390433677e-02
  5.5660541961649687e+02
  8.6152908435124364e-04
719 1
  4.9894108940853790e-02
  6.2595709581144945e+02
  3.0606776020595584e-03
720 1
  1.9976958514105976e-02
  3.5256482539375537e+02
  6.1260976295991052e-05
721 1
  1.5967039579659253e-02
  8.4955532456089531e+02
  5.8877608026164279e-03
722 1
  2.6684586296269942e-02
  9.0338127996194237e+02
  7.2503957078078381e-03
723 1
  4.9794924444069584e-02
  4.5519318410637470e+02
  6.8539948220278205e-05
724 1
  1.1865823569402948e-02
  2.2979180143787147e+02
  7.8982940714492043e-03
725 1
  3.1323303658367746e-02
  1.9009923987030015e+02
  3.3323450999026412e-04
726 1
  4.3681061387286092e-02
  2.5532804461104237e+02
  3.1596199724131715e-03
727 1
  2.7537591652096058e-02
  7.3194399007812331e+02
  6.2152996827310467e-03
728 1
  3.7481677268539404e-02
  8.3067436817953103e+02
  3.0247259466284992e-05
729 1
  4.4694749961725788e-02
  3.9072764422242886e+02
  2.6839783002378862e-05
730 1
  1.7780835685069132e-02
  8.1233384456119211e+02
  6.4122050300803979e-02
731 1
  4.1403771030159561e-02
  1.4740581422546217e+02
  7.0014850931228960e-05
732 1
  2.8923525750284791e-02
  8.2915401600401572e+02
  1.6176862485817937e-03
733 1
  4.4736998274632268e-02
  7.4477159911825856e+02
  1.4134915328867194e-04
734 1
  2.5274412072018915e-02
  1.3313005908905996e+02
  2.6094008054059374e-05
735 1
  2.5033264359456145e-02
  5.5011837625900205e+02
  1.5911796993537623e-02
736 1
  3.8303500408056891e-02
  2.8990991762374063e+02
  9.4435341572835337e-06
737 1
  1.3383064344498825e-02
  9.0827612302767852e+02
  7.5311326615219457e-02
738 1
  3.2590050819027258e-02
  4.1627497128405372e+02
  6.6382505385118644e-05
739 1
  1.1824629649680401e-02
  9.0808533861724914e+02
  1.1744027897775267e-01
740 1
  4.9038189067523087e-02
  8.2535469240274040e+02
  2.5737464011997172e-04
741 1
  1.0031149784527323e-02
  7.5396341440932054e+02
  1.0625832650466191e-01
742 1
  2.9744860724576216e-02
  1.6008496989947042e+02
  6.7017125291175044e-03
743 1
  4.9300733141573488e-02
  5.6046047594582683e+02
  9.3936349299516761e-03
744 1
  4.8375271752781827e-02
  9.5033706939939270e+02
  7.6248683678471562e-05
745 1
  1.8180660937121448e-02
  4.0543522493705859e+02
  2.9774911420330355e-02
746 1
  3.5940554928193133e-02
  3.6114987066464960e+02
  5.9005266270425378e-06
747 1
  3.6669340648348134e-02
  1.2610564135946596e+02
  1.5780701735690979e-04
748 1
  1.8443176210226106e-02
  8.7340194374141379e+02
  2.2715257758929854e-04
749 1
  2.1974121834772695e-02
  6.5295476647636622e+02
  1.4748663892930624e-02
750 1
  3.0158984596523920e-02
  9.1604171574946588e+02
  1.4144898712169140e-03
751 1
  1.0123910089937928e-02
  6.9281295883525775e+02
  1.5217443784632273e-01
752 1
  2.4853219168620752e-02
  1.3118577607599357e+02
  1.0189389554497792e-02
753 1
  1.4278934668749075e-02
  3.1237912981253078e+02
  7.8636048939432379e-02
754 1
  4.8081322657857709e-02
  7.6209654559530168e+02
  1.2451541549362316e-04
755 1
  4.1085453246406022e-02
  8.4282068662113545e+02
  1.0278682241802454e-02
756 1
  4.8607719669382890e-02
  7.4820906086950981e+02
  1.7758395203051882e-05
757 1
  3.5163865921759914e-02
  5.9332837390267673e+02
  6.6988656395662313e-06
758 1
  2.0222337380136519e-02
  5.6466660940110046e+02
  1.8293752586568510e-03
759 1
  1.5754019149036156e-02
  7.5740440486427599e+02
  7.0380590672354207e-02
760 1
  3.9191622713800348e-02
  1.2978525926986953e+02
  5.6951902649169634e-05
761 1
  4.5883521559612603e-02
  7.8261541013383101e+02
  2.3282575707384687e-05
762 1
  2.3708252717269701e-02
  1.4140326355225559e+02
  1.9368250411836638e-02
763 1
  4.2668661241302579e-02
  1.5224461390382825e+02
  5.4981336002696804e-05
764 1
  2.8803806316593572e-02
  8.9740178307807162e+02
  1.4051417487227623e-05
765 1
  2.9124165275247846e-02
  6.8900676826718575e+02
  4.4408434487222944e-03
766 1
  3.4189721475052517e-02
  5.7465875837535532e+02
  3.5921358603043922e-03
767 1
  3.9680591776240892e-02
  5.8288886157865113e+02
  1.5705469268599817e-03
768 1
  1.9558489207252158e-02
  2.1819089287221010e+02
  4.6867842754638352e-02
769 1
  4.3226082085588056e-02
  8.9622443838474555e+02
  5.6179542859597446e-06
770 1
  2.6551606665007589e-02
  7.6759784319684741e+02
  3.0192091108282343e-03
771 1
  1.5423963877458109e-02
  7.0219301798231572e+02
  2.2923285663725324e-06
772 1
  4.3309828444789082e-02
  9.3851758780079786e+02
  2.3441208889530789e-04
773 1
  2.5581171384519513e-02
  2.6747229234160500e+02
  1.8367684306458243e-02
774 1
  2.8731947803949914e-02
  3.6691464104974392e+02
  1.1108244427759272e-02
775 1
  1.1587939710685955e-02
  9.4743500426785795e+02
  6.3846708073836633e-06
776 1
  4.6371020536521000e-02
  5.4561597115444761e+02
  1.7815235157278376e-05
777 1
  4.3979539712397174e-02
  1.6302558589313441e+02
  2.0617124958944972e-03
778 1
  2.4430661975532147e-02
  7.1414681787399888e+02
  2.2478375700993028e-03
779 1
  4.7630930271293469e-02
  5.1473003569935918e+02
  2.3987720696539410e-05
780 1
  4.1590093893068891e-02
  4.9240928896759141e+02
  1.7291354262679492e-03
781 1
  3.3590003636381593e-02
  6.6236835698367486e+02
  3.7420621473777294e-06
782 1
  2.0588023393595604e-02
  2.5710329805151713e+02
  3.2569844684424230e-03
783 1
  1.1476856237909224e-02
  9.3333019144136006e+02
  8.0461015914894986e-04
784 1
  2.7705655937989085e-02
  5.7231419463535485e+02
  5.1588588158029041e-03
785 1
  3.5111715743798635e-02
  8.4799617634545848e+02
  2.8494607136911935e-05
786 1
  1.0898488338430639e-02
  8.4707439922726462e+02
  1.0902342810029430e-02
787 1
  2.3484674603997113e-02
  5.7825474601530220e+02
  2.6573932646682496e-03
788 1
  4.8017036109015830e-02
  8.1327406598104824e+02
  6.9166227952678494e-06
789 1
  2.7179814928648904e-02
  4.7706634836530611e+02
  6.0658092831643632e-04
790 1
  4.4570693945051497e-02
  1.1429604544369320e+02
  1.7406957139562489e-03
791 1
  4.0549634140762333e-02
  8.6927342630092687e+02
  1.0131901388112117e-04
792 1
  3.6416399226140421e-02
  1.8185669581003333e+02
  9.7395299975817388e-06
793 1
  4.9629728863253134e-02
  6.6368003534040417e+02
  1.5641970195863137e-05
794 1
  3.0173460447254337e-02
  3.4550045018247351e+02
  1.8755601003864561e-05
795 1
  3.7356316716911420e-02
  9.4936236912895106e+02
  4.0541047594812489e-03
796 1
  2.3606213453917866e-02
  9.2313338510167478e+02
  6.3068209583472014e-03
797 1
  2.5639471000823880e-02
  4.3733792931183149e+02
  3.4695670446992094e-03
798 1
  1.6262224680102536e-02
  5.0113497821685627e+02
  9.6519689936371313e-03
799 1
  1.8375247900772489e-02
  2.5850566881811511e+02
  8.3435948313452680e-03
800 1
  3.4444055281823531e-02
  4.1933971325910636e+02
  9.6542968663646565e-07
801 1
  4.6205019648189204e-02
  9.0277651673703292e+02
  1.3315945076671637e-03
802 1
  4.2786287643735439e-02
  9.3391331537254780e+02
  1.0627293560122864e-05
803 1
  2.3741248846864911e-02
  7.2172517670757372e+02
  9.2270701635213117e-04
804 1
  1.2564027033021686e-02
  1.7586463643646084e+02
  7.5916299142372412e-04
805 1
  4.1125142122006582e-02
  7.7335123703179465e+02
  2.3462078756390164e-06
806 1
  3.9372999782121276e-02
  8.0485141277557773e+02
  1.9697717147495328e-02
807 1
  4.5532214914603263e-02
  4.8232598842448834e+02
  7.4776791398044229e-05
808 1
  1.7337973655712779e-02
  9.1969294467391126e+02
  5.4289023513753774e-02
809 1
  4.7095670008927434e-02
  2.1363863364799818e+02
  4.3359112059034152e-04
810 1
  2.3373363443861421e-02
  1.6578802372798697e+02
  8.1028590262951245e-03
811 1
  1.6696164021033869e-02
  8.6578601048965288e+02
  9.3932435142437438e-03
812 1
  3.9952978535477530e-02
  4.6629254976506002e+02
  1.1838096029833371e-02
813 1
  3.9250350679871794e-02
  7.5565189582745177e+02
  5.3455578087678796e-04
814 1
  2.6868817338304977e-02
  5.9900222682044955e+02
  4.8668512417850071e-02
815 1
  1.6027261940924107e-02
  4.4496455305286895e+02
  1.8211831112666663e-01
816 1
  2.6511563442028860e-02
  3.2363916945016905e+02
  3.4089100340398554e-03
817 1
  2.5733661556194380e-02
  8.2636906078894106e+02
  2.8951929094697580e-06
818 1
  2.9019264813260767e-02
  8.0411720361263360e+02
  1.3973533357029539e-02
819 1
  1.4635734968276571e-02
  4.4957561276577212e+02
  9.9175118111450883e-02
820 1
  3.1081538224276874e-02
  1.3619498225571354e+02
  4.9006407730149714e-04
821 1
  1.3639680328126848e-02
  1.7509939581169721e+02
  1.0668193183213347e-04
822 1
  3.0788100272877185e-02
  4.0663580391310893e+02
  3.1909324552755754e-04
823 1
  4.2871325082439619e-02
  7.7043804525781331e+02
  1.1702302474980968e-05
824 1
  2.3984687311437301e-02
  1.8931341410522043e+02
  1.5095060996738947e-05
825 1
  1.7458075363607183e-02
  2.1008893873039119e+02
  2.4515948182020200e-02
826 1
  1.9451441333038472e-02
  2.5368355457111429e+02
  8.3225133013651136e-03
827 1
  1.2387905414899768e-02
  8.6299999831574974e+02
  1.9864754506235526e-04
828 1
  4.0677065123467269e-02
  5.6637204540859545e+02
  8.9724789896334430e-04
829 1
  2.0556072110513260e-02
  5.1072199338372889e+02
  1.3722088221809463e-02
830 1
  2.3652013011673474e-02
  3.2888324462444672e+02
  3.9865570013497364e-04
831 1
  2.3187947733582907e-02
  4.0046237359059154e+02
  4.2327336603443860e-04
832 1
  3.0871663407567730e-02
  7.0720305422358365e+02
  4.5168086792718703e-03
833 1
  3.0917321786376337e-02
  8.5469232752201731e+02
  3.4875804229687402e-04
834 1
  4.4626064401988907e-02
  1.9302527387581080e+02
  2.8540942681797038e-05
835 1
  3.9134587881925795e-02
  3.0326645580919762e+02
  1.0831587978443662e-03
836 1
  1.9093065309176718e-02
  3.4358512106294984e+02
  1.4104133567824395e-01
837 1
  1.0836631940545809e-02
  9.7943430348100810e+02
  6.3290255682827631e-02
838 1
  1.1082523983531876e-02
  3.3001438638279882e+02
  1.2790737792991975e-06
839 1
  3.2524249145707229e-02
  5.6298240732885074e+02
  6.1780175624793425e-04
840 1
  1.1695175546377513e-02
  8.6435215933572147e+02
  2.5009770243674095e-01
841 1
  1.6395163161510212e-02
  4.7594993161719759e+02
  2.1856507350729068e-02
842 1
  1.7103417601931570e-02
  5.1750887661991123e+02
  1.3001680424014400e-01
843 1
  1.1028581023024666e-02
  5.1886409260596338e+02
  8.9690641852408645e-02
844 1
  3.0088188806329012e-02
  6.4698467599096932e+02
  1.8268632709693720e-02
845 1
  1.3230033994461427e-02
  8.1632269631001293e+02
  7.4550354580556763e-03
846 1
  3.3757967180254859e-02
  5.7266126804256874e+02
  9.0553079428453461e-04
847 1
  2.5118263612854415e-02
  6.0325740421193530e+02
  3.1617487184293141e-04
848 1
  4.6991499304692964e-02
  2.2673566869200937e+02
  3.3721896946102949e-04
849 1
  3.0637404506596459e-02
  6.5734837768336206e+02
  3.1705481179581303e-03
850 1
  1.5177103476401933e-02
  4.7818164203939102e+02
  1.5842822871100873e-01
851 1
  2.4545645986676981e-02
  2.6338554433234299e+02
  2.2300507164118833e-06
852 1
  4.7481492606271755e-02
  6.6285374079083738e+02
  8.4763438171198616e-06
853 1
  2.1629848007853072e-02
  1.8060259449677665e+02
  1.2553822251303991e-05
854 1
  4.0239526180699245e-02
  2.4043832682223913e+02
  3.7022379293542211e-05
855 1
  1.5210136646633100e-02
  1.6031105631073521e+02
  2.9384417564671670e-02
856 1
  4.1332676478611621e-02
  4.2226955332424006e+02
  9.1421936517033890e-05
857 1
  2.3108501996392618e-02
  5.1550650937734486e+02
  4.9271413679509543e-04
858 1
  4.8427925014341219e-02
  7.7630212188237442e+02
  1.8026857171521323e-04
859 1
  3.9202244263292406e-02
  5.4173406390456216e+02
  1.9327999087749634e-05
860 1
  4.7294331129069597e-02
  1.0432582575312156e+02
  1.1337726144348753e-02
861 1
  3.6128417071014843e-02
  9.2525648662078027e+02
  1.4280094459695309e-04
862 1
  2.8043163265643253e-02
  4.8089493543063054e+02
  4.0873643829746384e-02
863 1
  1.7610894084223963e-02
  4.5275546219756620e+02
  1.8841917638640373e-02
864 1
  4.0818058508307699e-02
  5.5593194950210500e+02
  7.4933131566276834e-06
865 1
  3.1868697818754572e-02
  9.8596767622244909e+02
  5.3969066917832032e-05
866 1
  2.5696722277764567e-02
  7.7239090421930473e+02
  1.4596068777188750e-03
867 1
  2.6745360873092601e-02
  3.3820559878037568e+02
  2.0182627873429500e-02
868 1
  3.7474146285613137e-02
  4.6790187749862764e+02
  3.5895742255795702e-04
869 1
  2.4802062463481940e-02
  7.9876483336797207e+02
  7.2571439989551909e-03
870 1
  1.9165450664481824e-02
  2.9595515814537885e+02
  8.7961333246039896e-04
871 1
  4.2472238827400019e-02
  7.7473567135875840e+02
  8.2923191087581043e-03
872 1
  2.2418074167695864e-02
  9.5871623649071728e+02
  1.3911982007629985e-02
873 1
  2.0494452041152147e-02
  2.9331762126927151e+02
  7.6920632453811137e-03
874 1
  2.4996109543608556e-02
  9.3242358905478545e+02
  4.0790989497718443e-03
875 1
  3.0241352429353330e-02
  2.0217213700002623e+02
  1.5921693384899844e-03
876 1
  3.8970505041131059e-02
  2.5999816635441880e+02
  5.1993768661884572e-03
877 1
  2.1650813750294418e-02
  9.5562313320968451e+02
  6.5010160357799673e-01
878 1
  2.5847748012751227e-02
  1.6137310225678286e+02
  3.5715005858981139e-03
879 1
  2.9451880972875225e-02
  8.3117204213075900e+02
  7.8180128049453785e-05
880 1
  4.4321770763919584e-02
  6.1526784603892258e+02
  6.0302992312781382e-04
881 1
  3.2729397889361439e-02
  8.2792997201114429e+02
  2.1259785731861150e-03
882 1
  4.2530608965703570e-02
  1.8670236880784034e+02
  1.0138210837370380e-03
883 1
  2.5487264170109887e-02
  3.4284363581461071e+02
  1.6349438074588440e-02
884 1
  1.8959444962125014e-02
  9.3125625576444736e+02
  2.1460230469965052e-03
885 1
  4.1625835776527342e-02
  8.4466961002432254e+02
  1.5002152959979489e-03
886 1
  1.9723830837553288e-02
  7.3500184156340629e+02
  8.9137857445063823e-03
887 1
  1.3140294901942972e-02
  5.6896522092887449e+02
  1.0828774689973815e-01
888 1
  2.9257013567656753e-02
  2.1244401170017386e+02
  3.1742564948634058e-03
889 1
  3.4977994128027004e-02
  6.4015799913092417e+02
  2.9672055736258267e-04
890 1
  1.6528578619141403e-02
  7.5951387989866271e+02
  2.7897052312459298e-06
891 1
  2.1730042136837747e-02
  7.8635862902321787e+02
  8.5695758737773537e-03
892 1
  2.2822262454806952e-02
  2.9518997178170366e+02
  3.2819060712506291e-04
893 1
  2.6099076541838739e-02
  7.8111846268536453e+02
  1.2352172722578046e-02
894 1
  4.2357980853206474e-02
  3.8405194000883586e+02
  5.3264501289055158e-05
895 1
  4.0336386562202307e-02
  3.9850611249255303e+02
  7.8896022622655139e-04
896 1
  4.4885558891541125e-02
  5.5884143060796964e+02
  5.3643803298896464e-05
897 1
  4.8308821695926055e-02
  5.8865721718871828e+02
  5.0641725569287857e-05
898 1
  3.3344030677165855e-02
  4.7308804559911977e+02
  5.9037067198471343e-04
899 1
  1.5564034651873650e-02
  6.1173829176176264e+02
  3.9116078430756138e-02
900 1
  2.6813968786231226e-02
  1.3381387753757363e+02
  4.2049768458207781e-07
901 1
  4.0845628057739523e-02
  8.8001068361038836e+02
  2.2961554839951745e-03
902 1
  1.9240922818873508e-02
  2.9646404989015502e+02
  2.1240049147724185e-03
903 1
  1.1334757009826023e-02
  7.4199351787222247e+02
  9.3154252109528948e-02
904 1
  4.0282054802124413e-02
  4.6037834405460319e+02
  3.0249231180585669e-03
905 1
  2.6421483143317270e-02
  7.3980766006042609e+02
  3.5104503201242407e-02
906 1
  3.6161923931428197e-02
  9.1159548763856083e+02
  3.2832204530092751e-02
907 1
  4.8340097431195952e-02
  7.7123292343892763e+02
  1.4399803031316645e-04
908 1
  4.0453325962076583e-02
  2.1905998835263773e+02
  3.2853900841945077e-04
909 1
  3.5884241211751586e-02
  9.8518278905492400e+02
  2.0300729846595390e-05
910 1
  2.0743563547275759e-02
  1.2959502367335139e+02
  1.9467772123677501e-04
911 1
  3.6212295902693786e-02
  8.0221516687265375e+02
  1.7543080878425397e-04
912 1
  1.6614985814641690e-02
  3.3562976357500520e+02
  5.1410795227816520e-03
913 1
  3.4050388878570120e-02
  4.4053714644603303e+02
  3.8328354006267160e-03
914 1
  4.4303442088935267e-02
  5.8751361059570399e+02
  1.1834990881800725e-04
915 1
  1.8881053873394178e-02
  4.9679350704047533e+02
  5.8753891267801870e-03
916 1
  2.9863971478167911e-02
  6.1309024543021360e+02
  1.3446627628945366e-04
917 1
  2.3943971788614973e-02
  8.8536550626119856e+02
  1.3654732533767984e-02
918 1
  1.4760613358225958e-02
  4.4602194918423055e+02
  4.3078216213675288e-02
919 1
  3.8107229039532710e-02
  1.4233366696142298e+02
  9.9822346117009003e-05
920 1
  1.9873372562152040e-02
  4.0738470000856773e+02
  6.9223043759413265e-03
921 1
  2.1042114561964812e-02
  3.6392917104760613e+02
  5.4648858434695122e-03
922 1
  1.2044823847936851e-02
  8.0701501394678610e+02
  1.3853499555951956e-01
923 1
  4.3637798956799236e-02
  8.4422735576011587e+02
  1.6179979197442681e-04
924 1
  4.7773857139094669e-02
  2.6497895269523326e+02
  2.4063974578292322e-02
925 1
  2.9789442648752336e-02
  2.7331993832034988e+02
  1.3855107140102763e-02
926 1
  4.9688011870983997e-02
  6.2475751236367864e+02
  6.4979408540337901e-05
927 1
  1.3888867088616299e-02
  8.8628215328081603e+02
  5.0213154351535350e-01
928 1
  2.7289064463604740e-02
  3.4475057827003798e+02
  1.1109152070249732e-05
929 1
  4.3158097890800842e-02
  5.9213073974150734e+02
  5.8639363908641494e-05
930 1
  2.6298253572368181e-02
  4.7499659670856619e+02
  9.1227444243585469e-04
931 1
  3.4001643122416755e-02
  3.8565563780495694e+02
  6.3606632584421964e-03
932 1
  1.3785041235547999e-02
  9.6694302579669420e+02
  4.1235682730031961e-02
933 1
  3.5542715505316257e-02
  4.0411200503535196e+02
  3.9366276248377012e-06
934 1
  2.9348135559255320e-02
  2.4409747205190243e+02
  4.0398802085386473e-04
935 1
  3.1571390753915247e-02
  3.7864546767168002e+02
  7.9472823818167303e-04
936 1
  2.5223652558561252e-02
  5.1006102831827525e+02
  1.8502148157025031e-02
937 1
  2.1901714030681977e-02
  2.3689266233355397e+02
  8.7898473909694985e-04
938 1
  4.0694508828881440e-02
  6.0044451795785903e+02
  4.4291616370024223e-04
939 1
  1.4214402131072433e-02
  8.9168225728598532e+02
  1.1045310876452995e-01
940 1
  1.9582336923546315e-02
  8.8858027489985341e+02
  6.0413957620097068e-03
941 1
  4.4053603319699694e-02
  9.5998010886091754e+02
  1.4580126766538942e-03
942 1
  1.3042243814022395e-02
  3.9379077441826968e+02
  1.0615595992941987e-01
943 1
  3.1797216970285966e-02
  4.7990780818909769e+02
  1.3254964112784291e-04
944 1
  2.7412861481780591e-02
  3.9743724229765928e+02
  6.0483193461512806e-07
945 1
  2.1458924384833745e-02
  7.3078683269861483e+02
  5.4317535463920090e-03
946 1
  2.8985288675290204e-02
  3.0764516655972466e+02
  5.9375765059662550e-03
947 1
  4.3241980244946659e-02
  5.1990296960915578e+02
  1.8437702576428318e-04
948 1
  1.8981842146954427e-02
  1.5165895013234530e+02
  1.3124021390550031e-01
949 1
  2.7516747630255647e-02
  3.4666747821563274e+02
  3.0174366295413059e-03
950 1
  3.3207436697095374e-02
  7.5301122296117774e+02
  5.7469301828193117e-05
951 1
  2.7030417963802081e-02
  3.2436764631418868e+02
  8.2675077258225545e-04
952 1
  1.4957753355818686e-02
  5.3312237306219640e+02
  3.9940294610144755e-02
953 1
  1.5096071047604118e-02
  3.0102618212542785e+02
  2.2147239491462374e+00
954 1
  1.0776300647322230e-02
  3.0573494494996726e+02
  2.0613203958346110e-01
955 1
  3.5747842653481222e-02
  6.5911874784297254e+02
  1.5164026633299941e-02
956 1
  3.7421522723893416e-02
  4.1504042574970072e+02
  2.1933436506767845e-03
957 1
  4.4981465973938574e-02
  9.3952434375426947e+02
  2.8065911019884752e-03
958 1
  2.1564693867026218e-02
  4.6537745709143462e+02
  3.9634461342907736e-03
959 1
  3.5780704506403166e-02
  6.7113543298292689e+02
  5.8985252152048643e-05
960 1
  2.2610803147484922e-02
  6.0855851761496547e+02
  2.4526583941544122e-02
961 1
  3.1287612148228852e-02
  9.4029705705735694e+02
  3.2048538130285652e-03
962 1
  1.8584147094052355e-02
  7.9475790924935507e+02
  6.8890682571305203e-06
963 1
  2.5975604041430914e-02
  8.7179587451293878e+02
  1.0446832996893161e-03
964 1
  3.1160422263220147e-02
  2.1734353889359323e+02
  2.2037300624207576e-04
965 1
  2.8295393731992413e-02
  8.8070284995711540e+02
  3.2810564865336797e-03
966 1
  4.3370566162248408e-02
  4.9793115877701490e+02
  8.9990620241158422e-06
967 1
  1.3865374179978565e-02
  2.6890228730039780e+02
  3.2816063779492775e-02
968 1
  1.2156572325544698e-02
  1.8308733956091447e+02
  6.6932612437305805e-02
969 1
  3.0077300990669666e-02
  5.4973486897257851e+02
  4.4544325173821899e-04
970 1
  1.3404883570431212e-02
  3.5142155174125060e+02
  3.7701905926430823e-01
971 1
  2.7677950127850265e-02
  6.3584331160320119e+02
  1.3724943429169680e-03
972 1
  1.6404777904024712e-02
  6.0999298621215530e+02
  4.4749086306275967e-03
973 1
  2.6379921816596728e-02
  8.5981518401029291e+02
  3.4782034386237840e-03
974 1
  3.7591475243117414e-02
  1.1669184180330106e+02
  2.3233443854604398e-03
975 1
  2.4724160174151959e-02
  5.4477900565088680e+02
  5.2054968405611489e-03
976 1
  3.8923198843730245e-02
  9.1683395469683876e+02
  1.2234842617714508e-03
977 1
  1.8760006499532612e-02
  7.5663159641694824e+02
  3.5836508079678704e-03
978 1
  2.1393193319120068e-02
  6.6937121693187919e+02
  7.2465148854464902e-06
979 1
  3.4496218360018087e-02
  2.2150247317440923e+02
  1.3814406281599404e-04
980 1
  3.2270419990080609e-02
  6.2200817849869281e+02
  2.4868025247297414e-02
981 1
  1.7974304011154130e-02
  9.2923890810540820e+02
  1.7478174961651799e-05
982 1
  1.0055823517169722e-02
  1.1993752397375066e+02
  1.6286548484979940e-01
983 1
  3.8644265064859885e-02
  9.3716989617839909e+02
  1.2190783321467377e-02
984 1
  1.6489291742709137e-02
  5.7711235235785705e+02
  2.1633405319671607e-02
985 1
  4.0503461574978875e-02
  8.0089935901164984e+02
  4.8273900241606943e-03
986 1
  3.0322686349918457e-02
  3.8305973349323489e+02
  7.9604318345738610e-05
987 1
  1.4390201958208438e-02
  9.4122053316846518e+02
  1.1308796031381851e-02
988 1
  1.6113610188343383e-02
  9.5247846913993283e+02
  3.4502653851419048e-02
989 1
  1.6785781507727589e-02
  6.8235445438472300e+02
  9.6586071033585214e-02
990 1
  3.7125649056400006e-02
  6.2184265731249127e+02
  1.0733699780236840e-03
991 1
  1.7728230060380060e-02
  8.7069313056962244e+02
  1.2285447458113347e-01
992 1
  2.0917205202522320e-02
  1.7136509407496317e+02
  7.1048228273585409e-02
993 1
  3.1664977146771259e-02
  1.2224779646566500e+02
  6.0657038220909739e-05
994 1
  1.4034574444421834e-02
  4.4271999111325482e+02
  5.6567691918068186e-03
995 1
  2.8080043338108832e-02
  7.7504965325363435e+02
  2.3120395037639900e-02
996 1
  1.3555354016029907e-02
  1.5741703043310764e+02
  1.9013544034868685e-01
997 1
  4.1932839045195305e-02
  1.7085007156019569e+02
  2.0121141205743721e-04
998 1
  1.8304650226135109e-02
  3.0831496043089544e+02
  3.9986950286898873e-02
999 1
  2.8442410000619672e-02
  2.8560985265509680e+02
  1.3828617926678157e-03
1000 1
  4.1479306059982304e-02
  2.8861687094779541e+02
  1.2286195092064936e-03
PSUADE_IO
PSUADE
INPUT
   dimension = 2
   variable 1 radius  =   1.0000000000000000e-02   5.0000000000000003e-02
   variable 2 seed  =   1.0000000000000000e+02   1.0000000000000000e+03
END
OUTPUT
   dimension = 1
   variable 1 error
END
METHOD
#  sampling = MC
#  sampling = FACT
   sampling = LH
#  sampling = OA
#  sampling = OALH
#  sampling = MOAT
#  sampling = SOBOL
#  sampling = LPTAU
#  sampling = METIS
#  sampling = FAST
#  sampling = BBD
#  sampling = PBD
#  sampling = FF4
#  sampling = FF5
#  sampling = CCI4
#  sampling = CCI5
#  sampling = CCIF
#  sampling = CCF4
#  sampling = CCF5
#  sampling = CCFF
#  sampling = CCC4
#  sampling = CCC5
#  sampling = CCCF
#  sampling = SFAST
#  sampling = UMETIS
#  sampling = GMOAT
#  sampling = GMETIS
#  sampling = SPARSEGRID
#  sampling = LSA
#  sampling = RFF4
#  sampling = RFF5
   num_samples = 1000
   num_replications = 1
   num_refinements = 0
   refinement_size = 10000000
   reference_num_refinements = 0
#  refinement_type = adaptive
   randomize
#  randomize_more
#  random_seed = 2147483647
END
APPLICATION
   driver = /home/lbrown/psuade-example/rosen/rosenbrock.exe
   opt_driver = NONE
   aux_opt_driver = NONE
#  max_parallel_jobs = 1
#  min_job_wait_time = 1
   max_job_wait_time = 1000000
#  nondeterministic
#  launch_only
#  limited_launch_only
#  gen_inputfile_only
#  launch_interval = 1
#  save_frequency = 1000000
END
ANALYSIS
#  analyzer method = Moment
#  analyzer method = MainEffect
#  analyzer method = TwoParamEffect
#  analyzer method = ANOVA
#  analyzer method = GLSA
#  analyzer method = RSFA
#  analyzer method = MOAT
#  analyzer method = Sobol
#  analyzer method = Correlation
#  analyzer method = Integration
#  analyzer method = FAST
#  analyzer method = FF
#  analyzer method = PCA
#  analyzer method = ARSM0
#  analyzer method = FORM
#  analyzer method = RSMSobol1
#  analyzer method = RSMSobol2
#  analyzer method = RSMSobolTSI
#  analyzer method = Bootstrap
#  analyzer method = RSMSobolG
#  analyzer method = ARSMNN
#  analyzer method = ARSM1
#  analyzer method = REL
#  analyzer method = AOPT
#  analyzer method = GOWER
#  analyzer method = DELTA
#  analyzer method = ETA
#  analyzer method = ARSMG
#  analyzer method = LSA
   analyzer output_id  = 1
   analyzer rstype = MARS
#  analyzer rstype = linear
#  analyzer rstype = quadratic
#  analyzer rstype = cubic
#  analyzer rstype = quartic
#  analyzer rstype = ANN
#  analyzer rstype = selective_regression
#  analyzer rstype = GP1
#  analyzer rstype = GP2
#  analyzer rstype = SVM
#  analyzer rstype = PWL
#  analyzer rstype = TGP
#  analyzer rstype = MARSBag
#  analyzer rstype = EARTH
#  analyzer rstype = sum_of_trees
#  analyzer rstype = Legendre
#  analyzer rstype = user_regression
#  analyzer rstype = sparse_grid_regression
#  analyzer rstype = Kriging
#  analyzer rs_legendre_order = -1
#  analyzer regression_wgt_id = -1
#  graphics
#  sample_graphics
   analyzer threshold = 1.000000e+00
#  rs_max_pts = 4000
#  analyzer rs_constraint = psData indexFile Lbound Ubound
#  analyzer moat_constraint = psData indexFile Lbound Ubound
#  analyzer rs_index_file = indexFile
#  optimization method = crude
#  optimization method = txmath
#  optimization method = appspack
#  optimization method = minpack
#  optimization method = cobyla
#  optimization method = sm
#  optimization method = mm
#  optimization method = mm_adaptive
#  optimization method = bobyqa
#  optimization method = sce
#  optimization num_local_minima = 0
#  optimization use_response_surface
#  optimization print_level = 0
#  optimization num_fmin = 0
#  optimization output_id = 0
#  optimization max_feval = 10000
#  optimization deltax = 1.0e-6
#  optimization fmin = not defined
#  optimization cutoff = not defined
#  optimization tolerance = not defined
   diagnostics 1
#  file_write matlab
#  use_config_file = NONE
#  use_input_pdfs
#  constraint_op_and
#  interactive
END
END
